214
214
214
221
221
221
221
221
221
214
214
214
214
214
217
217
217
217
217
209
209
209
209
209
209
215
215
215
215
215
212
212
212
212
212
206
206
206
206
206
206
223
223
223
223
223
218
218
218
218
218
216
216
216
216
216
216
217
217
217
217
217
225
225
225
225
225
211
211
211
211
211
211
208
208
208
208
208
215
215
215
215
215
205
205
205
205
205
205
207
207
207
207
207
218
218
218
218
218
221
221
221
221
221
221
218
218
218
218
218
213
213
213
213
213
216
216
216
216
216
216
212
212
212
212
212
207
207
207
207
207
208
208
208
208
208
208
211
211
211
211
211
203
203
203
203
203
213
213
213
213
213
213
214
214
214
214
214
209
209
209
209
209
206
206
206
206
206
206
207
207
207
207
207
208
208
208
208
208
207
207
207
207
207
207
207
207
207
207
207
219
219
219
219
219
200
200
200
200
200
200
213
213
213
213
213
218
218
218
218
218
211
211
211
211
211
211
212
212
212
212
212
202
202
202
202
202
227
227
227
227
227
227
210
210
210
210
210
216
216
216
216
216
207
207
207
207
207
207
212
212
212
212
212
216
216
216
216
216
211
211
211
211
211
211
204
204
204
204
204
206
206
206
206
206
214
214
214
214
214
214
210
210
210
210
210
209
209
209
209
209
213
213
213
213
213
213
225
225
225
225
225
198
198
198
198
198
202
202
202
202
202
202
225
225
225
225
225
214
214
214
214
214
219
219
219
219
219
219
213
213
213
213
213
219
219
219
219
219
214
214
214
214
214
214
222
222
222
222
222
214
214
214
214
214
204
204
204
204
204
204
211
211
211
211
211
213
213
213
213
213
210
210
210
210
210
210
208
208
208
208
208
213
213
213
213
213
212
212
212
212
212
212
218
218
218
218
218
210
210
210
210
210
213
213
213
213
213
213
209
209
209
209
209
207
207
207
207
207
214
214
214
214
214
214
210
210
210
210
210
214
214
214
214
214
215
215
215
215
215
215
213
213
213
213
213
202
202
202
202
202
212
212
212
212
212
212
207
207
207
207
207
206
206
206
206
206
211
211
211
211
211
211
211
211
211
211
211
206
206
206
206
206
209
209
209
209
209
209
208
208
208
208
208
216
216
216
216
216
212
212
212
212
212
212
221
221
221
221
221
212
212
212
212
212
214
214
214
214
214
214
217
217
217
217
217
208
208
208
208
208
211
211
211
211
211
211
205
205
205
205
205
214
214
214
214
214
204
204
204
204
204
204
209
209
209
209
209
218
218
218
218
218
215
215
215
215
215
215
214
214
214
214
214
216
216
216
216
216
212
212
212
212
212
212
202
202
202
202
202
216
216
216
216
216
207
207
207
207
207
207
210
210
210
210
210
207
207
207
207
207
220
220
220
220
220
220
219
219
219
219
219
219
219
219
219
219
211
211
211
211
211
211
207
207
207
207
207
211
211
211
211
211
213
213
213
213
213
213
208
208
208
208
208
206
206
206
206
206
205
205
205
205
205
205
206
206
206
206
206
215
215
215
215
215
207
207
207
207
207
207
207
207
207
207
207
204
204
204
204
204
213
213
213
213
213
213
210
210
210
210
210
213
213
213
213
213
211
211
211
211
211
211
211
211
211
211
211
204
204
204
204
204
218
218
218
218
218
218
204
204
204
204
204
202
202
202
202
202
216
216
216
216
216
216
213
213
213
213
213
217
217
217
217
217
225
225
225
225
225
225
211
211
211
211
211
212
212
212
212
212
215
215
215
215
215
215
210
210
210
210
210
208
208
208
208
208
221
221
221
221
221
221
208
208
208
208
208
211
211
211
211
211
217
217
217
217
217
217
210
210
210
210
210
205
205
205
205
205
225
225
225
225
225
225
215
215
215
215
215
213
213
213
213
213
218
218
218
218
218
218
217
217
217
217
217
212
212
212
212
212
202
202
202
202
202
202
219
219
219
219
219
203
203
203
203
203
214
214
214
214
214
214
202
202
202
202
202
206
206
206
206
206
213
213
213
213
213
213
211
211
211
211
211
207
207
207
207
207
213
213
213
213
213
213
209
209
209
209
209
203
203
203
203
203
211
211
211
211
211
211
210
210
210
210
210
211
211
211
211
211
211
211
211
211
211
211
203
203
203
203
203
217
217
217
217
217
211
211
211
211
211
211
228
228
228
228
228
212
212
212
212
212
207
207
207
207
207
207
204
204
204
204
204
225
225
225
225
225
207
207
207
207
207
207
212
212
212
212
212
217
217
217
217
217
207
207
207
207
207
207
230
230
230
230
230
203
203
203
203
203
210
210
210
210
210
210
214
214
214
214
214
215
215
215
215
215
211
211
211
211
211
211
208
208
208
208
208
216
216
216
216
216
208
208
208
208
208
208
219
219
219
219
219
206
206
206
206
206
210
210
210
210
210
210
215
215
215
215
215
210
210
210
210
210
219
219
219
219
219
219
207
207
207
207
207
211
211
211
211
211
209
209
209
209
209
209
207
207
207
207
207
204
204
204
204
204
216
216
216
216
216
216
216
216
216
216
216
208
208
208
208
208
212
212
212
212
212
212
205
205
205
205
205
206
206
206
206
206
211
211
211
211
211
211
210
210
210
210
210
209
209
209
209
209
213
213
213
213
213
213
210
210
210
210
210
210
210
210
210
210
210
210
210
210
210
210
200
200
200
200
200
204
204
204
204
204
211
211
211
211
211
211
217
217
217
217
217
209
209
209
209
209
203
203
203
203
203
203
209
209
209
209
209
201
201
201
201
201
205
205
205
205
205
205
203
203
203
203
203
208
208
208
208
208
206
206
206
206
206
206
213
213
213
213
213
215
215
215
215
215
217
217
217
217
217
217
196
196
196
196
196
193
193
193
193
193
205
205
205
205
205
205
204
204
204
204
204
198
198
198
198
198
209
209
209
209
209
209
214
214
214
214
214
206
206
206
206
206
212
212
212
212
212
212
201
201
201
201
201
213
213
213
213
213
214
214
214
214
214
214
206
206
206
206
206
203
203
203
203
203
208
208
208
208
208
208
212
212
212
212
212
210
210
210
210
210
206
206
206
206
206
206
207
207
207
207
207
212
212
212
212
212
215
215
215
215
215
215
206
206
206
206
206
207
207
207
207
207
210
210
210
210
210
210
211
211
211
211
211
207
207
207
207
207
216
216
216
216
216
216
211
211
211
211
211
211
211
211
211
211
208
208
208
208
208
208
208
208
208
208
208
200
200
200
200
200
214
214
214
214
214
214
192
192
192
192
192
201
201
201
201
201
208
208
208
208
208
208
214
214
214
214
214
208
208
208
208
208
202
202
202
202
202
202
198
198
198
198
198
207
207
207
207
207
214
214
214
214
214
214
196
196
196
196
196
205
205
205
205
205
215
215
215
215
215
215
216
216
216
216
216
213
213
213
213
213
210
210
210
210
210
210
211
211
211
211
211
207
207
207
207
207
209
209
209
209
209
209
201
201
201
201
201
215
215
215
215
215
206
206
206
206
206
206
203
203
203
203
203
207
207
207
207
207
199
199
199
199
199
199
203
203
203
203
203
210
210
210
210
210
205
205
205
205
205
205
211
211
211
211
211
205
205
205
205
205
214
214
214
214
214
214
204
204
204
204
204
202
202
202
202
202
210
210
210
210
210
210
207
207
207
207
207
203
203
203
203
203
203
203
203
203
203
203
199
199
199
199
199
209
209
209
209
209
201
201
201
201
201
201
209
209
209
209
209
205
205
205
205
205
203
203
203
203
203
203
199
199
199
199
199
205
205
205
205
205
201
201
201
201
201
201
210
210
210
210
210
201
201
201
201
201
203
203
203
203
203
203
199
199
199
199
199
208
208
208
208
208
205
205
205
205
205
205
203
203
203
203
203
211
211
211
211
211
202
202
202
202
202
202
204
204
204
204
204
196
196
196
196
196
208
208
208
208
208
208
203
203
203
203
203
210
210
210
210
210
204
204
204
204
204
204
210
210
210
210
210
205
205
205
205
205
206
206
206
206
206
206
201
201
201
201
201
194
194
194
194
194
198
198
198
198
198
198
210
210
210
210
210
201
201
201
201
201
203
203
203
203
203
203
204
204
204
204
204
206
206
206
206
206
202
202
202
202
202
202
197
197
197
197
197
204
204
204
204
204
194
194
194
194
194
194
197
197
197
197
197
204
204
204
204
204
205
205
205
205
205
205
196
196
196
196
196
196
196
196
196
196
200
200
200
200
200
200
200
200
200
200
200
202
202
202
202
202
202
202
202
202
202
202
201
201
201
201
201
190
190
190
190
190
201
201
201
201
201
201
191
191
191
191
191
190
190
190
190
190
199
199
199
199
199
199
193
193
193
193
193
194
194
194
194
194
191
191
191
191
191
191
190
190
190
190
190
197
197
197
197
197
180
180
180
180
180
180
183
183
183
183
183
200
200
200
200
200
191
191
191
191
191
191
187
187
187
187
187
189
189
189
189
189
191
191
191
191
191
191
198
198
198
198
198
190
190
190
190
190
191
191
191
191
191
191
199
199
199
199
199
201
201
201
201
201
186
186
186
186
186
186
189
189
189
189
189
186
186
186
186
186
182
182
182
182
182
182
186
186
186
186
186
181
181
181
181
181
185
185
185
185
185
185
182
182
182
182
182
180
180
180
180
180
182
182
182
182
182
182
185
185
185
185
185
201
201
201
201
201
206
206
206
206
206
206
216
216
216
216
216
259
259
259
259
259
329
329
329
329
329
329
424
424
424
424
424
445
445
445
445
445
351
351
351
351
351
351
280
280
280
280
280
245
245
245
245
245
198
198
198
198
198
198
199
199
199
199
199
188
188
188
188
188
185
185
185
185
185
185
191
191
191
191
191
192
192
192
192
192
212
212
212
212
212
212
204
204
204
204
204
227
227
227
227
227
234
234
234
234
234
234
212
212
212
212
212
214
214
214
214
214
193
193
193
193
193
193
193
193
193
193
193
179
179
179
179
179
181
181
181
181
181
181
193
193
193
193
193
193
193
193
193
193
219
219
219
219
219
219
336
336
336
336
336
1579
1579
1579
1579
1579
3469
3469
3469
3469
3469
3469
4095
4095
4095
4095
4095
4095
4095
4095
4095
4095
4095
4095
4095
4095
4095
4095
4095
4095
4095
4095
4095
4095
4095
4095
4095
4095
3052
3052
3052
3052
3052
3052
1614
1614
1614
1614
1614
465
465
465
465
465
260
260
260
260
260
260
230
230
230
230
230
209
209
209
209
209
204
204
204
204
204
204
217
217
217
217
217
229
229
229
229
229
240
240
240
240
240
240
273
273
273
273
273
310
310
310
310
310
378
378
378
378
378
378
504
504
504
504
504
695
695
695
695
695
919
919
919
919
919
919
1079
1079
1079
1079
1079
1126
1126
1126
1126
1126
1145
1145
1145
1145
1145
1145
968
968
968
968
968
815
815
815
815
815
548
548
548
548
548
548
385
385
385
385
385
314
314
314
314
314
289
289
289
289
289
289
263
263
263
263
263
252
252
252
252
252
273
273
273
273
273
273
264
264
264
264
264
271
271
271
271
271
294
294
294
294
294
294
276
276
276
276
276
302
302
302
302
302
263
263
263
263
263
263
284
284
284
284
284
241
241
241
241
241
250
250
250
250
250
250
248
248
248
248
248
242
242
242
242
242
274
274
274
274
274
274
330
330
330
330
330
566
566
566
566
566
1088
1088
1088
1088
1088
1088
1703
1703
1703
1703
1703
2254
2254
2254
2254
2254
2556
2556
2556
2556
2556
2556
2597
2597
2597
2597
2597
2322
2322
2322
2322
2322
1935
1935
1935
1935
1935
1935
1266
1266
1266
1266
1266
686
686
686
686
686
334
334
334
334
334
334
255
255
255
255
255
260
260
260
260
260
226
226
226
226
226
226
249
249
249
249
249
266
266
266
266
266
322
322
322
322
322
322
474
474
474
474
474
1142
1142
1142
1142
1142
1878
1878
1878
1878
1878
1878
2565
2565
2565
2565
2565
3077
3077
3077
3077
3077
3230
3230
3230
3230
3230
3230
3194
3194
3194
3194
3194
2639
2639
2639
2639
2639
1917
1917
1917
1917
1917
1917
1150
1150
1150
1150
1150
565
565
565
565
565
345
345
345
345
345
345
327
327
327
327
327
327
327
327
327
327
341
341
341
341
341
341
469
469
469
469
469
725
725
725
725
725
1036
1036
1036
1036
1036
1036
1357
1357
1357
1357
1357
1474
1474
1474
1474
1474
1451
1451
1451
1451
1451
1451
1266
1266
1266
1266
1266
1015
1015
1015
1015
1015
696
696
696
696
696
696
561
561
561
561
561
444
444
444
444
444
415
415
415
415
415
415
346
346
346
346
346
378
378
378
378
378
331
331
331
331
331
331
280
280
280
280
280
262
262
262
262
262
238
238
238
238
238
238
216
216
216
216
216
204
204
204
204
204
197
197
197
197
197
197
205
205
205
205
205
194
194
194
194
194
206
206
206
206
206
206
204
204
204
204
204
227
227
227
227
227
247
247
247
247
247
247
275
275
275
275
275
303
303
303
303
303
357
357
357
357
357
357
395
395
395
395
395
385
385
385
385
385
359
359
359
359
359
359
306
306
306
306
306
281
281
281
281
281
280
280
280
280
280
280
259
259
259
259
259
247
247
247
247
247
238
238
238
238
238
238
218
218
218
218
218
210
210
210
210
210
209
209
209
209
209
209
224
224
224
224
224
213
213
213
213
213
220
220
220
220
220
220
225
225
225
225
225
217
217
217
217
217
220
220
220
220
220
220
233
233
233
233
233
263
263
263
263
263
275
275
275
275
275
275
288
288
288
288
288
302
302
302
302
302
313
313
313
313
313
313
286
286
286
286
286
247
247
247
247
247
224
224
224
224
224
224
204
204
204
204
204
195
195
195
195
195
186
186
186
186
186
186
196
196
196
196
196
191
191
191
191
191
191
191
191
191
191
191
195
195
195
195
195
194
194
194
194
194
193
193
193
193
193
193
181
181
181
181
181
195
195
195
195
195
202
202
202
202
202
202
189
189
189
189
189
193
193
193
193
193
187
187
187
187
187
187
195
195
195
195
195
200
200
200
200
200
188
188
188
188
188
188
191
191
191
191
191
192
192
192
192
192
183
183
183
183
183
183
183
183
183
183
183
186
186
186
186
186
180
180
180
180
180
180
176
176
176
176
176
178
178
178
178
178
186
186
186
186
186
186
183
183
183
183
183
183
183
183
183
183
182
182
182
182
182
182
182
182
182
182
182
183
183
183
183
183
185
185
185
185
185
185
192
192
192
192
192
187
187
187
187
187
181
181
181
181
181
181
183
183
183
183
183
181
181
181
181
181
179
179
179
179
179
179
176
176
176
176
176
183
183
183
183
183
181
181
181
181
181
181
173
173
173
173
173
179
179
179
179
179
179
179
179
179
179
179
177
177
177
177
177
177
177
177
177
177
176
176
176
176
176
176
179
179
179
179
179
177
177
177
177
177
176
176
176
176
176
176
177
177
177
177
177
175
175
175
175
175
178
178
178
178
178
178
176
176
176
176
176
175
175
175
175
175
171
171
171
171
171
171
177
177
177
177
177
179
179
179
179
179
180
180
180
180
180
180
181
181
181
181
181
181
181
181
181
181
186
186
186
186
186
186
182
182
182
182
182
178
178
178
178
178
177
177
177
177
177
177
180
180
180
180
180
177
177
177
177
177
173
173
173
173
173
173
175
175
175
175
175
178
178
178
178
178
176
176
176
176
176
176
178
178
178
178
178
181
181
181
181
181
180
180
180
180
180
180
181
181
181
181
181
178
178
178
178
178
182
182
182
182
182
182
177
177
177
177
177
183
183
183
183
183
183
183
183
183
183
183
186
186
186
186
186
187
187
187
187
187
187
187
187
187
187
187
186
186
186
186
186
180
180
180
180
180
184
184
184
184
184
184
181
181
181
181
181
181
181
181
181
181
181
181
181
181
181
181
178
178
178
178
178
180
180
180
180
180
179
179
179
179
179
179
181
181
181
181
181
179
179
179
179
179
177
177
177
177
177
177
187
187
187
187
187
183
183
183
183
183
189
189
189
189
189
189
189
189
189
189
189
187
187
187
187
187
189
189
189
189
189
189
186
186
186
186
186
188
188
188
188
188
185
185
185
185
185
185
182
182
182
182
182
182
182
182
182
182
183
183
183
183
183
183
184
184
184
184
184
188
188
188
188
188
182
182
182
182
182
182
187
187
187
187
187
180
180
180
180
180
189
189
189
189
189
189
185
185
185
185
185
191
191
191
191
191
194
194
194
194
194
194
185
185
185
185
185
188
188
188
188
188
184
184
184
184
184
184
194
194
194
194
194
194
194
194
194
194
192
192
192
192
192
192
194
194
194
194
194
193
193
193
193
193
196
196
196
196
196
196
181
181
181
181
181
191
191
191
191
191
187
187
187
187
187
187
188
188
188
188
188
187
187
187
187
187
191
191
191
191
191
191
191
191
191
191
191
199
199
199
199
199
204
204
204
204
204
204
198
198
198
198
198
212
212
212
212
212
216
216
216
216
216
216
216
216
216
216
216
227
227
227
227
227
223
223
223
223
223
223
217
217
217
217
217
215
215
215
215
215
219
219
219
219
219
219
210
210
210
210
210
207
207
207
207
207
208
208
208
208
208
208
210
210
210
210
210
211
211
211
211
211
221
221
221
221
221
221
226
226
226
226
226
222
222
222
222
222
232
232
232
232
232
232
253
253
253
253
253
255
255
255
255
255
245
245
245
245
245
245
240
240
240
240
240
246
246
246
246
246
234
234
234
234
234
234
242
242
242
242
242
224
224
224
224
224
217
217
217
217
217
217
219
219
219
219
219
219
219
219
219
219
223
223
223
223
223
223
224
224
224
224
224
219
219
219
219
219
218
218
218
218
218
218
212
212
212
212
212
238
238
238
238
238
231
231
231
231
231
231
229
229
229
229
229
231
231
231
231
231
231
231
231
231
231
231
240
240
240
240
240
242
242
242
242
242
236
236
236
236
236
236
231
231
231
231
231
241
241
241
241
241
237
237
237
237
237
237
256
256
256
256
256
240
240
240
240
240
245
245
245
245
245
245
248
248
248
248
248
258
258
258
258
258
253
253
253
253
253
253
258
258
258
258
258
252
252
252
252
252
264
264
264
264
264
264
263
263
263
263
263
293
293
293
293
293
278
278
278
278
278
278
263
263
263
263
263
253
253
253
253
253
269
269
269
269
269
269
246
246
246
246
246
257
257
257
257
257
257
257
257
257
257
257
275
275
275
275
275
268
268
268
268
268
272
272
272
272
272
272
283
283
283
283
283
301
301
301
301
301
321
321
321
321
321
321
325
325
325
325
325
340
340
340
340
340
332
332
332
332
332
332
312
312
312
312
312
310
310
310
310
310
302
302
302
302
302
302
293
293
293
293
293
274
274
274
274
274
271
271
271
271
271
271
268
268
268
268
268
278
278
278
278
278
279
279
279
279
279
279
315
315
315
315
315
320
320
320
320
320
337
337
337
337
337
337
360
360
360
360
360
334
334
334
334
334
338
338
338
338
338
338
326
326
326
326
326
301
301
301
301
301
282
282
282
282
282
282
289
289
289
289
289
275
275
275
275
275
265
265
265
265
265
265
282
282
282
282
282
274
274
274
274
274
277
277
277
277
277
277
284
284
284
284
284
285
285
285
285
285
301
301
301
301
301
301
281
281
281
281
281
302
302
302
302
302
294
294
294
294
294
294
292
292
292
292
292
283
283
283
283
283
260
260
260
260
260
260
278
278
278
278
278
266
266
266
266
266
268
268
268
268
268
268
267
267
267
267
267
248
248
248
248
248
247
247
247
247
247
247
248
248
248
248
248
267
267
267
267
267
262
262
262
262
262
262
264
264
264
264
264
294
294
294
294
294
272
272
272
272
272
272
299
299
299
299
299
329
329
329
329
329
318
318
318
318
318
318
329
329
329
329
329
331
331
331
331
331
321
321
321
321
321
321
307
307
307
307
307
302
302
302
302
302
273
273
273
273
273
273
242
242
242
242
242
254
254
254
254
254
263
263
263
263
263
263
247
247
247
247
247
247
247
247
247
247
252
252
252
252
252
252
276
276
276
276
276
297
297
297
297
297
306
306
306
306
306
306
347
347
347
347
347
416
416
416
416
416
521
521
521
521
521
521
521
521
521
521
521
559
559
559
559
559
520
520
520
520
520
520
443
443
443
443
443
446
446
446
446
446
367
367
367
367
367
367
335
335
335
335
335
325
325
325
325
325
305
305
305
305
305
305
335
335
335
335
335
346
346
346
346
346
368
368
368
368
368
368
414
414
414
414
414
474
474
474
474
474
581
581
581
581
581
581
694
694
694
694
694
825
825
825
825
825
880
880
880
880
880
880
871
871
871
871
871
854
854
854
854
854
750
750
750
750
750
750
693
693
693
693
693
595
595
595
595
595
491
491
491
491
491
491
478
478
478
478
478
414
414
414
414
414
412
412
412
412
412
412
433
433
433
433
433
428
428
428
428
428
407
407
407
407
407
407
431
431
431
431
431
455
455
455
455
455
487
487
487
487
487
487
539
539
539
539
539
553
553
553
553
553
626
626
626
626
626
626
670
670
670
670
670
667
667
667
667
667
688
688
688
688
688
688
548
548
548
548
548
520
520
520
520
520
417
417
417
417
417
417
372
372
372
372
372
352
352
352
352
352
349
349
349
349
349
349
341
341
341
341
341
351
351
351
351
351
333
333
333
333
333
333
364
364
364
364
364
417
417
417
417
417
495
495
495
495
495
495
510
510
510
510
510
532
532
532
532
532
497
497
497
497
497
497
474
474
474
474
474
401
401
401
401
401
316
316
316
316
316
316
295
295
295
295
295
291
291
291
291
291
281
281
281
281
281
281
279
279
279
279
279
290
290
290
290
290
293
293
293
293
293
293
296
296
296
296
296
303
303
303
303
303
309
309
309
309
309
309
293
293
293
293
293
314
314
314
314
314
275
275
275
275
275
275
257
257
257
257
257
270
270
270
270
270
256
256
256
256
256
256
274
274
274
274
274
271
271
271
271
271
265
265
265
265
265
265
247
247
247
247
247
262
262
262
262
262
260
260
260
260
260
260
253
253
253
253
253
257
257
257
257
257
269
269
269
269
269
269
251
251
251
251
251
235
235
235
235
235
224
224
224
224
224
224
219
219
219
219
219
222
222
222
222
222
223
223
223
223
223
223
212
212
212
212
212
217
217
217
217
217
224
224
224
224
224
224
222
222
222
222
222
231
231
231
231
231
243
243
243
243
243
243
238
238
238
238
238
236
236
236
236
236
243
243
243
243
243
243
230
230
230
230
230
227
227
227
227
227
219
219
219
219
219
219
210
210
210
210
210
212
212
212
212
212
214
214
214
214
214
214
207
207
207
207
207
204
204
204
204
204
210
210
210
210
210
210
205
205
205
205
205
215
215
215
215
215
209
209
209
209
209
209
206
206
206
206
206
207
207
207
207
207
217
217
217
217