214
214
214
214
214
209
209
209
209
209
210
210
210
210
210
215
215
215
215
215
215
202
202
202
202
202
205
205
205
205
205
215
215
215
215
215
215
203
203
203
203
203
203
203
203
203
203
210
210
210
210
210
210
204
204
204
204
204
215
215
215
215
215
208
208
208
208
208
208
208
208
208
208
208
215
215
215
215
215
209
209
209
209
209
209
211
211
211
211
211
205
205
205
205
205
200
200
200
200
200
200
214
214
214
214
214
219
219
219
219
219
218
218
218
218
218
218
211
211
211
211
211
213
213
213
213
213
203
203
203
203
203
203
214
214
214
214
214
208
208
208
208
208
217
217
217
217
217
217
220
220
220
220
220
215
215
215
215
215
214
214
214
214
214
214
210
210
210
210
210
223
223
223
223
223
213
213
213
213
213
213
216
216
216
216
216
219
219
219
219
219
221
221
221
221
221
221
216
216
216
216
216
218
218
218
218
218
204
204
204
204
204
204
205
205
205
205
205
213
213
213
213
213
207
207
207
207
207
207
203
203
203
203
203
217
217
217
217
217
209
209
209
209
209
209
207
207
207
207
207
209
209
209
209
209
210
210
210
210
210
210
208
208
208
208
208
210
210
210
210
210
215
215
215
215
215
215
206
206
206
206
206
209
209
209
209
209
208
208
208
208
208
208
219
219
219
219
219
216
216
216
216
216
211
211
211
211
211
211
220
220
220
220
220
205
205
205
205
205
212
212
212
212
212
212
211
211
211
211
211
217
217
217
217
217
210
210
210
210
210
210
206
206
206
206
206
218
218
218
218
218
203
203
203
203
203
203
212
212
212
212
212
212
212
212
212
212
216
216
216
216
216
216
210
210
210
210
210
209
209
209
209
209
217
217
217
217
217
217
208
208
208
208
208
213
213
213
213
213
202
202
202
202
202
202
205
205
205
205
205
216
216
216
216
216
207
207
207
207
207
207
220
220
220
220
220
215
215
215
215
215
214
214
214
214
214
214
210
210
210
210
210
209
209
209
209
209
220
220
220
220
220
220
218
218
218
218
218
208
208
208
208
208
210
210
210
210
210
210
216
216
216
216
216
207
207
207
207
207
199
199
199
199
199
199
207
207
207
207
207
213
213
213
213
213
207
207
207
207
207
207
208
208
208
208
208
214
214
214
214
214
220
220
220
220
220
220
209
209
209
209
209
207
207
207
207
207
212
212
212
212
212
212
215
215
215
215
215
210
210
210
210
210
217
217
217
217
217
217
208
208
208
208
208
213
213
213
213
213
217
217
217
217
217
217
220
220
220
220
220
208
208
208
208
208
214
214
214
214
214
214
212
212
212
212
212
210
210
210
210
210
213
213
213
213
213
213
205
205
205
205
205
212
212
212
212
212
206
206
206
206
206
206
202
202
202
202
202
205
205
205
205
205
205
205
205
205
205
205
207
207
207
207
207
210
210
210
210
210
215
215
215
215
215
215
214
214
214
214
214
209
209
209
209
209
216
216
216
216
216
216
210
210
210
210
210
213
213
213
213
213
213
213
213
213
213
213
219
219
219
219
219
206
206
206
206
206
209
209
209
209
209
209
202
202
202
202
202
212
212
212
212
212
215
215
215
215
215
215
211
211
211
211
211
211
211
211
211
211
217
217
217
217
217
217
212
212
212
212
212
209
209
209
209
209
213
213
213
213
213
213
213
213
213
213
213
212
212
212
212
212
216
216
216
216
216
216
209
209
209
209
209
201
201
201
201
201
204
204
204
204
204
204
208
208
208
208
208
207
207
207
207
207
213
213
213
213
213
213
216
216
216
216
216
210
210
210
210
210
215
215
215
215
215
215
211
211
211
211
211
208
208
208
208
208
204
204
204
204
204
204
209
209
209
209
209
212
212
212
212
212
218
218
218
218
218
218
209
209
209
209
209
215
215
215
215
215
209
209
209
209
209
209
208
208
208
208
208
207
207
207
207
207
208
208
208
208
208
208
209
209
209
209
209
212
212
212
212
212
204
204
204
204
204
204
212
212
212
212
212
209
209
209
209
209
207
207
207
207
207
207
210
210
210
210
210
204
204
204
204
204
204
204
204
204
204
204
205
205
205
205
205
212
212
212
212
212
212
212
212
212
212
212
211
211
211
211
211
213
213
213
213
213
205
205
205
205
205
205
209
209
209
209
209
217
217
217
217
217
210
210
210
210
210
210
209
209
209
209
209
216
216
216
216
216
209
209
209
209
209
209
210
210
210
210
210
208
208
208
208
208
212
212
212
212
212
212
210
210
210
210
210
209
209
209
209
209
214
214
214
214
214
214
210
210
210
210
210
217
217
217
217
217
209
209
209
209
209
209
208
208
208
208
208
209
209
209
209
209
212
212
212
212
212
212
206
206
206
206
206
212
212
212
212
212
208
208
208
208
208
208
209
209
209
209
209
217
217
217
217
217
212
212
212
212
212
212
214
214
214
214
214
207
207
207
207
207
206
206
206
206
206
206
214
214
214
214
214
207
207
207
207
207
211
211
211
211
211
211
213
213
213
213
213
207
207
207
207
207
208
208
208
208
208
208
202
202
202
202
202
212
212
212
212
212
212
212
212
212
212
212
210
210
210
210
210
210
210
210
210
210
205
205
205
205
205
205
212
212
212
212
212
208
208
208
208
208
207
207
207
207
207
207
202
202
202
202
202
202
202
202
202
202
212
212
212
212
212
212
205
205
205
205
205
211
211
211
211
211
205
205
205
205
205
205
210
210
210
210
210
206
206
206
206
206
204
204
204
204
204
204
214
214
214
214
214
212
212
212
212
212
208
208
208
208
208
208
213
213
213
213
213
200
200
200
200
200
207
207
207
207
207
207
217
217
217
217
217
202
202
202
202
202
205
205
205
205
205
205
210
210
210
210
210
203
203
203
203
203
207
207
207
207
207
207
206
206
206
206
206
208
208
208
208
208
204
204
204
204
204
204
211
211
211
211
211
201
201
201
201
201
203
203
203
203
203
203
211
211
211
211
211
200
200
200
200
200
199
199
199
199
199
199
205
205
205
205
205
218
218
218
218
218
200
200
200
200
200
200
203
203
203
203
203
194
194
194
194
194
207
207
207
207
207
207
210
210
210
210
210
202
202
202
202
202
201
201
201
201
201
201
199
199
199
199
199
198
198
198
198
198
199
199
199
199
199
199
198
198
198
198
198
201
201
201
201
201
200
200
200
200
200
200
195
195
195
195
195
194
194
194
194
194
196
196
196
196
196
196
197
197
197
197
197
194
194
194
194
194
194
194
194
194
194
194
194
194
194
194
194
200
200
200
200
200
190
190
190
190
190
190
193
193
193
193
193
184
184
184
184
184
192
192
192
192
192
192
188
188
188
188
188
192
192
192
192
192
192
192
192
192
192
192
199
199
199
199
199
195
195
195
195
195
184
184
184
184
184
184
198
198
198
198
198
190
190
190
190
190
200
200
200
200
200
200
206
206
206
206
206
225
225
225
225
225
229
229
229
229
229
229
251
251
251
251
251
289
289
289
289
289
297
297
297
297
297
297
283
283
283
283
283
256
256
256
256
256
258
258
258
258
258
258
263
263
263
263
263
241
241
241
241
241
242
242
242
242
242
242
228
228
228
228
228
235
235
235
235
235
234
234
234
234
234
234
241
241
241
241
241
234
234
234
234
234
239
239
239
239
239
239
248
248
248
248
248
222
222
222
222
222
217
217
217
217
217
217
224
224
224
224
224
213
213
213
213
213
215
215
215
215
215
215
213
213
213
213
213
221
221
221
221
221
231
231
231
231
231
231
225
225
225
225
225
221
221
221
221
221
249
249
249
249
249
249
254
254
254
254
254
241
241
241
241
241
239
239
239
239
239
239
249
249
249
249
249
240
240
240
240
240
224
224
224
224
224
224
220
220
220
220
220
213
213
213
213
213
208
208
208
208
208
208
206
206
206
206
206
202
202
202
202
202
199
199
199
199
199
199
202
202
202
202
202
202
202
202
202
202
198
198
198
198
198
198
196
196
196
196
196
196
196
196
196
196
198
198
198
198
198
198
196
196
196
196
196
202
202
202
202
202
205
205
205
205
205
205
214
214
214
214
214
202
202
202
202
202
222
222
222
222
222
222
205
205
205
205
205
206
206
206
206
206
204
204
204
204
204
204
205
205
205
205
205
203
203
203
203
203
195
195
195
195
195
195
195
195
195
195
195
195
195
195
195
195
196
196
196
196
196
196
207
207
207
207
207
203
203
203
203
203
210
210
210
210
210
210
207
207
207
207
207
223
223
223
223
223
225
225
225
225
225
225
208
208
208
208
208
207
207
207
207
207
215
215
215
215
215
215
217
217
217
217
217
220
220
220
220
220
223
223
223
223
223
223
238
238
238
238
238
274
274
274
274
274
329
329
329
329
329
329
380
380
380
380
380
422
422
422
422
422
406
406
406
406
406
406
312
312
312
312
312
249
249
249
249
249
229
229
229
229
229
229
210
210
210
210
210
201
201
201
201
201
190
190
190
190
190
190
193
193
193
193
193
186
186
186
186
186
190
190
190
190
190
190
195
195
195
195
195
198
198
198
198
198
207
207
207
207
207
207
216
216
216
216
216
214
214
214
214
214
232
232
232
232
232
232
247
247
247
247
247
270
270
270
270
270
267
267
267
267
267
267
261
261
261
261
261
249
249
249
249
249
228
228
228
228
228
228
215
215
215
215
215
196
196
196
196
196
192
192
192
192
192
192
198
198
198
198
198
188
188
188
188
188
186
186
186
186
186
186
195
195
195
195
195
186
186
186
186
186
196
196
196
196
196
196
201
201
201
201
201
196
196
196
196
196
195
195
195
195
195
195
205
205
205
205
205
200
200
200
200
200
201
201
201
201
201
201
226
226
226
226
226
226
226
226
226
226
250
250
250
250
250
250
257
257
257
257
257
286
286
286
286
286
292
292
292
292
292
292
270
270
270
270
270
251
251
251
251
251
226
226
226
226
226
226
206
206
206
206
206
207
207
207
207
207
180
180
180
180
180
180
185
185
185
185
185
180
180
180
180
180
191
191
191
191
191
191
187
187
187
187
187
214
214
214
214
214
228
228
228
228
228
228
300
300
300
300
300
641
641
641
641
641
1281
1281
1281
1281
1281
1281
1607
1607
1607
1607
1607
1575
1575
1575
1575
1575
1069
1069
1069
1069
1069
1069
452
452
452
452
452
254
254
254
254
254
223
223
223
223
223
223
188
188
188
188
188
191
191
191
191
191
180
180
180
180
180
180
188
188
188
188
188
195
195
195
195
195
204
204
204
204
204
204
199
199
199
199
199
229
229
229
229
229
242
242
242
242
242
242
253
253
253
253
253
260
260
260
260
260
244
244
244
244
244
244
231
231
231
231
231
225
225
225
225
225
218
218
218
218
218
218
211
211
211
211
211
206
206
206
206
206
201
201
201
201
201
201
200
200
200
200
200
195
195
195
195
195
196
196
196
196
196
196
201
201
201
201
201
199
199
199
199
199
214
214
214
214
214
214
205
205
205
205
205
208
208
208
208
208
210
210
210
210
210
210
209
209
209
209
209
216
216
216
216
216
205
205
205
205
205
205
211
211
211
211
211
200
200
200
200
200
195
195
195
195
195
195
188
188
188
188
188
189
189
189
189
189
189
189
189
189
189
189
186
186
186
186
186
188
188
188
188
188
188
188
188
188
188
188
210
210
210
210
210
217
217
217
217
217
224
224
224
224
224
224
222
222
222
222
222
215
215
215
215
215
219
219
219
219
219
219
192
192
192
192
192
203
203
203
203
203
195
195
195
195
195
195
192
192
192
192
192
184
184
184
184
184
191
191
191
191
191
191
190
190
190
190
190
192
192
192
192
192
189
189
189
189
189
189
203
203
203
203
203
187
187
187
187
187
201
201
201
201
201
201
216
216
216
216
216
253
253
253
253
253
415
415
415
415
415
415
1074
1074
1074
1074
1074
2057
2057
2057
2057
2057
2834
2834
2834
2834
2834
2834
3519
3519
3519
3519
3519
3948
3948
3948
3948
3948
4095
4095
4095
4095
4095
4095
4095
4095
4095
4095
4095
4095
4095
4095
4095
4095
3818
3818
3818
3818
3818
3818
3368
3368
3368
3368
3368
2759
2759
2759
2759
2759
1873
1873
1873
1873
1873
1873
952
952
952
952
952
368
368
368
368
368
243
243
243
243
243
243
220
220
220
220
220
207
207
207
207
207
208
208
208
208
208
208
202
202
202
202
202
205
205
205
205
205
222
222
222
222
222
222
228
228
228
228
228
260
260
260
260
260
263
263
263
263
263
263
303
303
303
303
303
303
303
303
303
303
322
322
322
322
322
322
327
327
327
327
327
290
290
290
290
290
248
248
248
248
248
248
224
224
224
224
224
220
220
220
220
220
196
196
196
196
196
196
193
193
193
193
193
188
188
188
188
188
183
183
183
183
183
183
181
181
181
181
181
183
183
183
183
183
183
183
183
183
183
183
189
189
189
189
189
184
184
184
184
184
181
181
181
181
181
181
192
192
192
192
192
192
192
192
192
192
203
203
203
203
203
203
196
196
196
196
196
197
197
197
197
197
204
204
204
204
204
204
205
205
205
205
205
203
203
203
203
203
200
200
200
200
200
200
199
199
199
199
199
188
188
188
188
188
187
187
187
187
187
187
196
196
196
196
196
195
195
195
195
195
203
203
203
203
203
203
206
206
206
206
206
252
252
252
252
252
313
313
313
313
313
313
462
462
462
462
462
585
585
585
585
585
524
524
524
524
524
524
307
307
307
307
307
257
257
257
257
257
219
219
219
219
219
219
196
196
196
196
196
196
196
196
196
196
192
192
192
192
192
192
197
197
197
197
197
188
188
188
188
188
198
198
198
198
198
198
183
183
183
183
183
210
210
210
210
210
199
199
199
199
199
199
200
200
200
200
200
201
201
201
201
201
197
197
197
197
197
197
194
194
194
194
194
196
196
196
196
196
190
190
190
190
190
190
196
196
196
196
196
193
193
193
193
193
194
194
194
194
194
194
193
193
193
193
193
184
184
184
184
184
194
194
194
194
194
194
196
196
196
196
196
187
187
187
187
187
199
199
199
199
199
199
194
194
194
194
194
195
195
195
195
195
202
202
202
202
202
202
192
192
192
192
192
199
199
199
199
199
208
208
208
208
208
208
198
198
198
198
198
201
201
201
201
201
204
204
204
204
204
204
191
191
191
191
191
195
195
195
195
195
192
192
192
192
192
192
209
209
209
209
209
208
208
208
208
208
215
215
215
215
215
215
225
225
225
225
225
237
237
237
237
237
216
216
216
216
216
216
228
228
228
228
228
209
209
209
209
209
208
208
208
208
208
208
198
198
198
198
198
193
193
193
193
193
180
180
180
180
180
180
186
186
186
186
186
181
181
181
181
181
184
184
184
184
184
184
177
177
177
177
177
182
182
182
182
182
190
190
190
190
190
190
191
191
191
191
191
186
186
186
186
186
184
184
184
184
184
184
184
184
184
184
184
192
192
192
192
192
186
186
186
186
186
186
191
191
191
191
191
190
190
190
190
190
181
181
181
181
181
181
186
186
186
186
186
184
184
184
184
184
195
195
195
195
195
195
196
196
196
196
196
203
203
203
203
203
204
204
204
204
204
204
209
209
209
209
209
205
205
205
205
205
204
204
204
204
204
204
216
216
216
216
216
202
202
202
202
202
209
209
209
209
209
209
199
199
199
199
199
184
184
184
184
184
183
183
183
183
183
183
189
189
189
189
189
186
186
186
186
186
181
181
181
181
181
181
182
182
182
182
182
187
187
187
187
187
204
204
204
204
204
204
200
200
200
200
200
218
218
218
218
218
260
260
260
260
260
260
300
300
300
300
300
499
499
499
499
499
714
714
714
714
714
714
736
736
736
736
736
584
584
584
584
584
384
384
384
384
384
384
290
290
290
290
290
242
242
242
242
242
221
221
221
221
221
221
222
222
222
222
222
203
203
203
203
203
206
206
206
206
206
206
199
199
199
199
199
202
202
202
202
202
223
223
223
223
223
223
236
236
236
236
236
289
289
289
289
289
367
367
367
367
367
367
583
583
583
583
583
813
813
813
813
813
919
919
919
919
919
919
801
801
801
801
801
552
552
552
552
552
343
343
343
343
343
343
253
253
253
253
253
242
242
242
242
242
209
209
209
209
209
209
197
197
197
197
197
193
193
193
193
193
191
191
191
191
191
191
190
190
190
190
190
193
193
193
193
193
198
198
198
198
198
198
197
197
197
197
197
203
203
203
203
203
201
201
201
201
201
201
218
218
218
218
218
236
236
236
236
236
227
227
227
227
227
227
227
227
227
227
227
216
216
216
216
216
206
206
206
206
206
206
207
207
207
207
207
200
200
200
200
200
198
198
198
198
198
198
192
192
192
192
192
195
195
195
195
195
203
203
203
203
203
203
195
195
195
195
195
208
208
208
208
208
210
210
210
210
210
210
223
223
223
223
223
221
221
221
221
221
209
209
209
209
209
209
222
222
222
222
222
208
208
208
208
208
211
211
211
211
211
211
203
203
203
203
203
193
193
193
193
193
184
184
184
184
184
184
194
194
194
194
194
189
189
189
189
189
190
190
190
190
190
190
203
203
203
203
203
201
201
201
201
201
208
208
208
208
208
208
209
209
209
209
209
247
247
247
247
247
283
283
283
283
283
283
424
424
424
424
424
732
732
732
732
732
942
942
942
942
942
942
971
971
971
971
971
730
730
730
730
730
430
430
430
430
430
430
309
309
309
309
309
241
241
241
241
241
220
220
220
220
220
220
198
198
198
198
198
206
206
206
206
206
205
205
205
205
205
205
206
206
206
206
206
217
217
217
217
217
237
237
237
237
237
237
245
245
245
245
245
259
259
259
259
259
296
296
296
296
296
296
325
325
325
325
325
337
337
337
337
337
306
306
306
306
306
306
276
276
276
276
276
252
252
252
252
252
232
232
232
232
232
232
237
237
237
237
237
221
221
221
221
221
209
209
209
209
209
209
211
211
211
211
211
199
199
199
199
199
187
187
187
187
187
187
193
193
193
193
193
183
183
183
183
183
186
186
186
186
186
186
177
177
177
177
177
183
183
183
183
183
182
182
182
182
182
182
186
186
186
186
186
192
192
192
192
192
188
188
188
188
188
188
195
195
195
195
195
207
207
207
207
207
217
217
217
217
217
217
221
221
221
221
221
221
221
221
221
221
208
208
208
208
208
208
215
215
215
215
215
207
207
207
207
207
198
198
198
198
198
198
214
214
214
214
214
200
200
200
200
200
204
204
204
204
204
204
203
203
203
203
203
211
211
211
211
211
212
212
212
212
212
212
226
226
226
226
226
198
198
198
198
198
219
219
219
219
219
219
207
207
207
207
207
215
215
215
215
215
199
199
199
199
199
199
207
207
207
207
207
193
193
193
193
193
210
210
210
210
210
210
208
208
208
208
208
213
213
213
213
213
213
213
213
213
213
213
226
226
226
226
226
215
215
215
215
215
205
205
205
205
205
205
205
205
205
205
205
204
204
204
204
204
199
199
199
199
199
199
190
190
190
190
190
182
182
182
182
182
182
182
182
182
182
182
191
191
191
191
191
195
195
195
195
195
200
200
200
200
200
200
200
200
200
200
200
209
209
209
209
209
237
237
237
237
237
237
243
243
243
243
243
275
275
275
275
275
280
280
280
280
280
280
253
253
253
253
253
266
266
266
266
266
243
243
243
243
243
243
232
232
232
232
232
224
224
224
224
224
217
217
217
217
217
217
217
217
217
217
217
214
214
214
214
214
213
213
213
213
213
213
205
205
205
205
205
211
211
211
211
211
219
219
219
219
219
219
217
217
217
217
217
194
194
194
194
194
205
205
205
205
205
205
200
200
200
200
200
202
202
202
202
202
204
204
204
204
204
204
190
190
190
190
190
187
187
187
187
187
188
188
188
188
188
188
189
189
189
189
189
189
189
189
189
189
185
185
185
185
185
185
189
189
189
189
189
184
184
184
184
184
175
175
175
175
175
175
186
186
186
186
186
191
191
191
191
191
189
189
189
189
189
189
195
195
195
195
195
195
195
195
195
195
188
188
188
188
188
188
211
211
211
211
211
208
208
208
208
208
206
206
206
206
206
206
192
192
192
192
192
212
212
212
212
212
221
221
221
221
221
221
217
217
217
217
217
223
223
223
223
223
238
238
238
238
238
238
241
241
241
241
241
230
230
230
230
230
249
249
249
249
249
249
239
239
239
239
239
218
218
218
218
218
215
215
215
215
215
215
204
204
204
204
204
200
200
200
200
200
209
209
209
209
209
209
217
217
217
217
217
218
218
218
218
218
223
223
223
223
223
223
232
232
232
232
232
251
251
251
251
251
301
301
301
301
301
301
269
269
269
269
269
284
284
284
284
284
251
251
251
251
251
251
231
231
231
231
231
216
216
216
216
216
202
202
202
202
202
202
191
191
191
191
191
199
199
199
199
199
183
183
183
183
183
183
188
188
188
188
188
195
195
195
195
195
191
191
191
191
191
191
200
200
200
200
200
199
199
199
199
199
212
212
212
212
212
212
217
217
217
217
217
212
212
212
212
212
216
216
216
216
216
216
214
214
214
214
214
199
199
199
199
199
213
213
213
213
213
213
187
187
187
187
187
197
197
197
197
197
198
198
198
198
198
198
197
197
197
197
197
193
193
193
193
193
201
201
201
201
201
201
214
214
214
214
214
217
217
217
217
217
230
230
230
230
230
230
216
216
216
216
216
231
231
231
231
231
221
221
221
221
221
221
221
221
221
221
221
211
211
211
211
211
224
224
224
224
224
224
201
201
201
201
201
205
205
205
205
205
197
197
197
197
197
197
207
207
207
207
207
209
209
209
209
209
204
204
204
204
204
204
227
227
227
227
227
222
222
222
222
222
235
235
235
235
235
235
241
241
241
241
241
238
238
238
238
238
233
233
233
233
233
233
239
239
239
239
239
238
238
238
238
238
223
223
223
223
223
223
247
247
247
247
247
243
243
243
243
243
247
247
247
247
247
247
252
252
252
252
252
253
253
253
253
253
257
257
257
257
257
257
235
235
235
235
235
235
235
235
235
235
248
248
248
248
248
248
233
233
233
233
233
226
226
226
226
226
227
227
227
227
227
227
253
253
253
253
253
219
219
219
219
219
216
216
216
216
216
216
225
225
225
225
225
213
213
213
213
213
202
202
202
202
202
202
208
208
208
208
208
204
204
204
204
204
216
216
216
216
216
216
213
213
213
213
213
218
218
218
218
218
205
205
205
205
205
205
223
223
223
223
223
215
215
215
215
215
216
216
216
216
216
216
213
213
213
213
213
215
215
215
215
215
216
216
216
216
216
216
210
210
210
210
210
211
211
211
211
211
204
204
204
204
204
204
197
197