221
221
203
203
203
203
203
203
224
224
224
224
224
204
204
204
204
204
213
213
213
213
213
213
211
211
211
211
211
219
219
219
219
219
217
217
217
217
217
217
210
210
210
210
210
226
226
226
226
226
214
214
214
214
214
214
198
198
198
198
198
217
217
217
217
217
211
211
211
211
211
211
206
206
206
206
206
211
211
211
211
211
197
197
197
197
197
197
223
223
223
223
223
212
212
212
212
212
216
216
216
216
216
216
222
222
222
222
222
212
212
212
212
212
214
214
214
214
214
214
213
213
213
213
213
222
222
222
222
222
207
207
207
207
207
207
210
210
210
210
210
215
215
215
215
215
224
224
224
224
224
224
209
209
209
209
209
220
220
220
220
220
208
208
208
208
208
208
208
208
208
208
208
221
221
221
221
221
205
205
205
205
205
205
209
209
209
209
209
212
212
212
212
212
206
206
206
206
206
206
219
219
219
219
219
216
216
216
216
216
207
207
207
207
207
207
213
213
213
213
213
214
214
214
214
214
214
214
214
214
214
214
213
213
213
213
213
211
211
211
211
211
213
213
213
213
213
213
223
223
223
223
223
214
214
214
214
214
225
225
225
225
225
225
218
218
218
218
218
220
220
220
220
220
222
222
222
222
222
222
210
210
210
210
210
218
218
218
218
218
219
219
219
219
219
219
210
210
210
210
210
206
206
206
206
206
210
210
210
210
210
210
211
211
211
211
211
209
209
209
209
209
214
214
214
214
214
214
209
209
209
209
209
207
207
207
207
207
215
215
215
215
215
215
218
218
218
218
218
215
215
215
215
215
217
217
217
217
217
217
219
219
219
219
219
206
206
206
206
206
220
220
220
220
220
220
217
217
217
217
217
211
211
211
211
211
211
211
211
211
211
211
222
222
222
222
222
212
212
212
212
212
205
205
205
205
205
205
211
211
211
211
211
216
216
216
216
216
220
220
220
220
220
220
226
226
226
226
226
209
209
209
209
209
222
222
222
222
222
222
205
205
205
205
205
214
214
214
214
214
217
217
217
217
217
217
214
214
214
214
214
217
217
217
217
217
213
213
213
213
213
213
206
206
206
206
206
214
214
214
214
214
217
217
217
217
217
217
214
214
214
214
214
216
216
216
216
216
217
217
217
217
217
217
218
218
218
218
218
220
220
220
220
220
218
218
218
218
218
218
209
209
209
209
209
218
218
218
218
218
213
213
213
213
213
213
213
213
213
213
213
219
219
219
219
219
211
211
211
211
211
211
213
213
213
213
213
208
208
208
208
208
218
218
218
218
218
218
206
206
206
206
206
211
211
211
211
211
203
203
203
203
203
203
210
210
210
210
210
198
198
198
198
198
216
216
216
216
216
216
212
212
212
212
212
220
220
220
220
220
218
218
218
218
218
218
210
210
210
210
210
212
212
212
212
212
224
224
224
224
224
224
210
210
210
210
210
217
217
217
217
217
218
218
218
218
218
218
224
224
224
224
224
213
213
213
213
213
225
225
225
225
225
225
216
216
216
216
216
212
212
212
212
212
217
217
217
217
217
217
219
219
219
219
219
220
220
220
220
220
216
216
216
216
216
216
215
215
215
215
215
213
213
213
213
213
220
220
220
220
220
220
211
211
211
211
211
216
216
216
216
216
215
215
215
215
215
215
218
218
218
218
218
204
204
204
204
204
207
207
207
207
207
207
215
215
215
215
215
209
209
209
209
209
204
204
204
204
204
204
209
209
209
209
209
217
217
217
217
217
205
205
205
205
205
205
216
216
216
216
216
224
224
224
224
224
222
222
222
222
222
222
206
206
206
206
206
220
220
220
220
220
213
213
213
213
213
213
219
219
219
219
219
208
208
208
208
208
210
210
210
210
210
210
226
226
226
226
226
211
211
211
211
211
219
219
219
219
219
219
205
205
205
205
205
220
220
220
220
220
209
209
209
209
209
209
214
214
214
214
214
217
217
217
217
217
201
201
201
201
201
201
218
218
218
218
218
215
215
215
215
215
215
215
215
215
215
215
215
215
215
215
215
212
212
212
212
212
218
218
218
218
218
218
205
205
205
205
205
209
209
209
209
209
209
209
209
209
209
209
219
219
219
219
219
207
207
207
207
207
220
220
220
220
220
220
210
210
210
210
210
212
212
212
212
212
211
211
211
211
211
211
217
217
217
217
217
209
209
209
209
209
212
212
212
212
212
212
214
214
214
214
214
212
212
212
212
212
215
215
215
215
215
215
221
221
221
221
221
206
206
206
206
206
232
232
232
232
232
232
219
219
219
219
219
206
206
206
206
206
212
212
212
212
212
212
211
211
211
211
211
203
203
203
203
203
218
218
218
218
218
218
206
206
206
206
206
218
218
218
218
218
215
215
215
215
215
215
212
212
212
212
212
213
213
213
213
213
220
220
220
220
220
220
193
193
193
193
193
221
221
221
221
221
201
201
201
201
201
201
210
210
210
210
210
202
202
202
202
202
213
213
213
213
213
213
202
202
202
202
202
205
205
205
205
205
209
209
209
209
209
209
214
214
214
214
214
211
211
211
211
211
211
211
211
211
211
211
209
209
209
209
209
211
211
211
211
211
215
215
215
215
215
215
202
202
202
202
202
215
215
215
215
215
212
212
212
212
212
212
217
217
217
217
217
212
212
212
212
212
202
202
202
202
202
202
204
204
204
204
204
207
207
207
207
207
211
211
211
211
211
211
204
204
204
204
204
214
214
214
214
214
210
210
210
210
210
210
208
208
208
208
208
204
204
204
204
204
207
207
207
207
207
207
206
206
206
206
206
210
210
210
210
210
207
207
207
207
207
207
205
205
205
205
205
214
214
214
214
214
216
216
216
216
216
216
204
204
204
204
204
208
208
208
208
208
215
215
215
215
215
215
208
208
208
208
208
214
214
214
214
214
215
215
215
215
215
215
203
203
203
203
203
220
220
220
220
220
219
219
219
219
219
219
214
214
214
214
214
221
221
221
221
221
212
212
212
212
212
212
213
213
213
213
213
217
217
217
217
217
218
218
218
218
218
218
201
201
201
201
201
210
210
210
210
210
215
215
215
215
215
215
215
215
215
215
215
213
213
213
213
213
212
212
212
212
212
212
209
209
209
209
209
208
208
208
208
208
218
218
218
218
218
218
203
203
203
203
203
208
208
208
208
208
209
209
209
209
209
209
204
204
204
204
204
207
207
207
207
207
214
214
214
214
214
214
210
210
210
210
210
198
198
198
198
198
213
213
213
213
213
213
208
208
208
208
208
215
215
215
215
215
217
217
217
217
217
217
204
204
204
204
204
202
202
202
202
202
210
210
210
210
210
210
209
209
209
209
209
209
209
209
209
209
213
213
213
213
213
213
199
199
199
199
199
216
216
216
216
216
205
205
205
205
205
205
206
206
206
206
206
206
206
206
206
206
211
211
211
211
211
211
210
210
210
210
210
211
211
211
211
211
203
203
203
203
203
203
201
201
201
201
201
223
223
223
223
223
208
208
208
208
208
208
217
217
217
217
217
206
206
206
206
206
221
221
221
221
221
221
207
207
207
207
207
214
214
214
214
214
214
214
214
214
214
214
217
217
217
217
217
210
210
210
210
210
216
216
216
216
216
216
216
216
216
216
216
208
208
208
208
208
205
205
205
205
205
205
204
204
204
204
204
208
208
208
208
208
205
205
205
205
205
205
203
203
203
203
203
217
217
217
217
217
214
214
214
214
214
214
205
205
205
205
205
208
208
208
208
208
213
213
213
213
213
213
204
204
204
204
204
213
213
213
213
213
206
206
206
206
206
206
220
220
220
220
220
197
197
197
197
197
206
206
206
206
206
206
212
212
212
212
212
207
207
207
207
207
213
213
213
213
213
213
207
207
207
207
207
208
208
208
208
208
213
213
213
213
213
213
204
204
204
204
204
203
203
203
203
203
203
203
203
203
203
203
206
206
206
206
206
196
196
196
196
196
200
200
200
200
200
200
205
205
205
205
205
205
205
205
205
205
190
190
190
190
190
190
206
206
206
206
206
208
208
208
208
208
213
213
213
213
213
213
214
214
214
214
214
208
208
208
208
208
202
202
202
202
202
202
203
203
203
203
203
196
196
196
196
196
201
201
201
201
201
201
213
213
213
213
213
204
204
204
204
204
202
202
202
202
202
202
199
199
199
199
199
204
204
204
204
204
198
198
198
198
198
198
192
192
192
192
192
191
191
191
191
191
198
198
198
198
198
198
201
201
201
201
201
197
197
197
197
197
195
195
195
195
195
195
201
201
201
201
201
196
196
196
196
196
206
206
206
206
206
206
198
198
198
198
198
205
205
205
205
205
198
198
198
198
198
198
216
216
216
216
216
216
216
216
216
216
207
207
207
207
207
207
205
205
205
205
205
207
207
207
207
207
219
219
219
219
219
219
198
198
198
198
198
210
210
210
210
210
207
207
207
207
207
207
207
207
207
207
207
208
208
208
208
208
202
202
202
202
202
202
207
207
207
207
207
204
204
204
204
204
200
200
200
200
200
200
201
201
201
201
201
218
218
218
218
218
201
201
201
201
201
201
203
203
203
203
203
197
197
197
197
197
203
203
203
203
203
203
200
200
200
200
200
195
195
195
195
195
198
198
198
198
198
198
194
194
194
194
194
188
188
188
188
188
192
192
192
192
192
192
193
193
193
193
193
189
189
189
189
189
193
193
193
193
193
193
187
187
187
187
187
188
188
188
188
188
197
197
197
197
197
197
191
191
191
191
191
185
185
185
185
185
189
189
189
189
189
189
196
196
196
196
196
195
195
195
195
195
207
207
207
207
207
207
198
198
198
198
198
200
200
200
200
200
202
202
202
202
202
202
201
201
201
201
201
195
195
195
195
195
192
192
192
192
192
192
184
184
184
184
184
182
182
182
182
182
189
189
189
189
189
189
181
181
181
181
181
198
198
198
198
198
190
190
190
190
190
190
191
191
191
191
191
200
200
200
200
200
188
188
188
188
188
188
184
184
184
184
184
180
180
180
180
180
187
187
187
187
187
187
187
187
187
187
187
176
176
176
176
176
177
177
177
177
177
177
181
181
181
181
181
186
186
186
186
186
182
182
182
182
182
182
195
195
195
195
195
194
194
194
194
194
197
197
197
197
197
197
196
196
196
196
196
216
216
216
216
216
220
220
220
220
220
220
217
217
217
217
217
210
210
210
210
210
206
206
206
206
206
206
200
200
200
200
200
200
200
200
200
200
202
202
202
202
202
202
194
194
194
194
194
193
193
193
193
193
188
188
188
188
188
188
184
184
184
184
184
192
192
192
192
192
190
190
190
190
190
190
192
192
192
192
192
186
186
186
186
186
196
196
196
196
196
196
206
206
206
206
206
217
217
217
217
217
218
218
218
218
218
218
230
230
230
230
230
227
227
227
227
227
247
247
247
247
247
247
242
242
242
242
242
237
237
237
237
237
239
239
239
239
239
239
262
262
262
262
262
316
316
316
316
316
913
913
913
913
913
913
2451
2451
2451
2451
2451
4095
4095
4095
4095
4095
4095
4095
4095
4095
4095
4095
4095
4095
4095
4095
4095
4095
4095
4095
4095
4095
4095
4095
4095
4095
4095
4095
4095
4095
4095
4095
4095
3137
3137
3137
3137
3137
868
868
868
868
868
868
220
220
220
220
220
182
182
182
182
182
180
180
180
180
180
180
170
170
170
170
170
176
176
176
176
176
180
180
180
180
180
180
178
178
178
178
178
186
186
186
186
186
183
183
183
183
183
183
205
205
205
205
205
232
232
232
232
232
279
279
279
279
279
279
476
476
476
476
476
835
835
835
835
835
1169
1169
1169
1169
1169
1169
1359
1359
1359
1359
1359
1564
1564
1564
1564
1564
1706
1706
1706
1706
1706
1706
1788
1788
1788
1788
1788
1880
1880
1880
1880
1880
1996
1996
1996
1996
1996
1996
2047
2047
2047
2047
2047
1997
1997
1997
1997
1997
1902
1902
1902
1902
1902
1902
1555
1555
1555
1555
1555
1169
1169
1169
1169
1169
884
884
884
884
884
884
751
751
751
751
751
670
670
670
670
670
754
754
754
754
754
754
910
910
910
910
910
1148
1148
1148
1148
1148
1420
1420
1420
1420
1420
1420
1658
1658
1658
1658
1658
1918
1918
1918
1918
1918
1975
1975
1975
1975
1975
1975
1829
1829
1829
1829
1829
1654
1654
1654
1654
1654
1446
1446
1446
1446
1446
1446
1408
1408
1408
1408
1408
1558
1558
1558
1558
1558
1964
1964
1964
1964
1964
1964
2531
2531
2531
2531
2531
3163
3163
3163
3163
3163
3660
3660
3660
3660
3660
3660
3916
3916
3916
3916
3916
3873
3873
3873
3873
3873
3513
3513
3513
3513
3513
3513
2784
2784
2784
2784
2784
1979
1979
1979
1979
1979
1313
1313
1313
1313
1313
1313
774
774
774
774
774
559
559
559
559
559
500
500
500
500
500
500
510
510
510
510
510
594
594
594
594
594
739
739
739
739
739
739
939
939
939
939
939
1090
1090
1090
1090
1090
1200
1200
1200
1200
1200
1200
1196
1196
1196
1196
1196
1206
1206
1206
1206
1206
1156
1156
1156
1156
1156
1156
1016
1016
1016
1016
1016
824
824
824
824
824
501
501
501
501
501
501
305
305
305
305
305
271
271
271
271
271
239
239
239
239
239
239
207
207
207
207
207
206
206
206
206
206
203
203
203
203
203
203
219
219
219
219
219
211
211
211
211
211
214
214
214
214
214
214
222
222
222
222
222
239
239
239
239
239
230
230
230
230
230
230
248
248
248
248
248
248
248
248
248
248
243
243
243
243
243
243
237
237
237
237
237
222
222
222
222
222
225
225
225
225
225
225
210
210
210
210
210
210
210
210
210
210
220
220
220
220
220
220
222
222
222
222
222
219
219
219
219
219
208
208
208
208
208
208
222
222
222
222
222
219
219
219
219
219
220
220
220
220
220
220
228
228
228
228
228
234
234
234
234
234
228
228
228
228
228
228
235
235
235
235
235
241
241
241
241
241
259
259
259
259
259
259
251
251
251
251
251
249
249
249
249
249
251
251
251
251
251
251
244
244
244
244
244
226
226
226
226
226
233
233
233
233
233
233
203
203
203
203
203
210
210
210
210
210
200
200
200
200
200
200
197
197
197
197
197
200
200
200
200
200
204
204
204
204
204
204
198
198
198
198
198
191
191
191
191
191
203
203
203
203
203
203
212
212
212
212
212
201
201
201
201
201
199
199
199
199
199
199
186
186
186
186
186
191
191
191
191
191
188
188
188
188
188
188
184
184
184
184
184
181
181
181
181
181
178
178
178
178
178
178
184
184
184
184
184
185
185
185
185
185
184
184
184
184
184
184
196
196
196
196
196
183
183
183
183
183
185
185
185
185
185
185
185
185
185
185
185
185
185
185
185
185
188
188
188
188
188
188
177
177
177
177
177
192
192
192
192
192
189
189
189
189
189
189
189
189
189
189
189
188
188
188
188
188
190
190
190
190
190
190
196
196
196
196
196
201
201
201
201
201
203
203
203
203
203
203
201
201
201
201
201
204
204
204
204
204
208
208
208
208
208
208
201
201
201
201
201
197
197
197
197
197
199
199
199
199
199
199
193
193
193
193
193
187
187
187
187
187
191
191
191
191
191
191
189
189
189
189
189
187
187
187
187
187
192
192
192
192
192
192
189
189
189
189
189
195
195
195
195
195
199
199
199
199
199
199
194
194
194
194
194
194
194
194
194
194
197
197
197
197
197
197
188
188
188
188
188
200
200
200
200
200
194
194
194
194
194
194
191
191
191
191
191
204
204
204
204
204
188
188
188
188
188
188
190
190
190
190
190
189
189
189
189
189
182
182
182
182
182
182
185
185
185
185
185
191
191
191
191
191
195
195
195
195
195
195
194
194
194
194
194
206
206
206
206
206
220
220
220
220
220
220
222
222
222
222
222
244
244
244
244
244
252
252
252
252
252
252
234
234
234
234
234
247
247
247
247
247
214
214
214
214
214
214
202
202
202
202
202
202
202
202
202
202
192
192
192
192
192
192
191
191
191
191
191
200
200
200
200
200
189
189
189
189
189
189
204
204
204
204
204
197
197
197
197
197
212
212
212
212
212
212
211
211
211
211
211
213
213
213
213
213
227
227
227
227
227
227
218
218
218
218
218
229
229
229
229
229
225
225
225
225
225
225
216
216
216
216
216
203
203
203
203
203
196
196
196
196
196
196
191
191
191
191
191
188
188
188
188
188
184
184
184
184
184
184
182
182
182
182
182
187
187
187
187
187
188
188
188
188
188
188
183
183
183
183
183
185
185
185
185
185
192
192
192
192
192
192
188
188
188
188
188
196
196
196
196
196
187
187
187
187
187
187
195
195
195
195
195
200
200
200
200
200
218
218
218
218
218
218
208
208
208
208
208
231
231
231
231
231
225
225
225
225
225
225
209
209
209
209
209
217
217
217
217
217
206
206
206
206
206
206
202
202
202
202
202
200
200
200
200
200
192
192
192
192
192
192
200
200
200
200
200
188
188
188
188
188
205
205
205
205
205
205
225
225
225
225
225
238
238
238
238
238
245
245
245
245
245
245
247
247
247
247
247
273
273
273
273
273
247
247
247
247
247
247
252
252
252
252
252
238
238
238
238
238
238
238
238
238
238
238
212
212
212
212
212
191
191
191
191
191
199
199
199
199
199
199
196
196
196
196
196
193
193
193
193
193
188
188
188
188
188
188
203
203
203
203
203
201
201
201
201
201
207
207
207
207
207
207
217
217
217
217
217
217
217
217
217
217
223
223
223
223
223
223
235
235
235
235
235
237
237
237
237
237
225
225
225
225
225
225
219
219
219
219
219
220
220
220
220
220
203
203
203
203
203
203
195
195
195
195
195
191
191
191
191
191
189
189
189
189
189
189
187
187
187
187
187
193
193
193
193
193
190
190
190
190
190
190
190
190
190
190
190
201
201
201
201
201
198
198
198
198
198
198
206
206
206
206
206
213
213
213
213
213
223
223
223
223
223
223
232
232
232
232
232
230
230
230
230
230
213
213
213
213
213
213
208
208
208
208
208
213
213
213
213
213
205
205
205
205
205
205
198
198
198
198
198
193
193
193
193
193
193
193
193
193
193
193
181
181
181
181
181
188
188
188
188
188
185
185
185
185
185
185
191
191
191
191
191
192
192
192
192
192
205
205
205
205
205
205
206
206
206
206
206
213
213
213
213
213
210
210
210
210
210
210
220
220
220
220
220
211
211
211
211
211
209
209
209
209
209
209
201
201
201
201
201
201
201
201
201
201
199
199
199
199
199
199
188
188
188
188
188
190
190
190
190
190
186
186
186
186
186
186
191
191
191
191
191
188
188
188
188
188
198
198
198
198
198
198
196
196
196
196
196
208
208
208
208
208
208
208
208
208
208
208
216
216
216
216
216
219
219
219
219
219
223
223
223
223
223
223
220
220
220
220
220
216
216
216
216
216
216
216
216
216
216
216
200
200
200
200
200
207
207
207
207
207
192
192
192
192
192
192
198
198
198
198
198
195
195
195
195
195
198
198
198
198
198
198
200
200
200
200
200
208
208
208
208
208
205
205
205
205
205
205
213
213
213
213
213
207
207
207
207
207
213
213
213
213
213
213
214
214
214
214
214
212
212
212
212
212
217
217
217
217
217
217
206
206
206
206
206
205
205
205
205
205
195
195
195
195
195
195
196
196
196
196
196
199
199
199
199
199
200
200
200
200
200
200
196
196
196
196
196
192
192
192
192
192
196
196
196
196
196
196
200
200
200
200
200
207
207
207
207
207
200
200
200
200
200
200
206
206
206
206
206
209
209
209
209
209
208
208
208
208
208
208
202
202
202
202
202
201
201
201
201
201
194
194
194
194
194
194
196
196
196
196
196
193
193
193
193
193
191
191
191
191
191
191
193
193
193
193
193
200
200
200
200
200
200
200
200
200
200
200
196
196
196
196
196
204
204
204
204
204
217
217
217
217
217
217
211
211
211
211
211
218
218
218
218
218
231
231
231
231
231
231
224
224
224
224
224
226
226
226
226
226
224
224
224
224
224
224
219
219
219
219
219
218
218
218
218
218
228
228
228
228
228
228
217
217
217
217
217
214
214
214
214
214
207
207
207
207
207
207
206
206
206
206
206
209
209
209
209
209
223
223
223
223
223
223
221
221
221
221
221
217
217
217
217
217
222
222
222
222
222
222
229
229
229
229
229
224
224
224
224
224
226
226
226
226
226
226
225
225
225
225
225
229
229
229
229
229
229
229
229
229
229
229
225
225
225
225
225
236
236
236
236
236
240
240
240
240
240
240
258
258
258
258
258
270
270
270
270
270
276
276
276
276
276
276
298
298
298
298
298
309
309
309
309
309
344
344
344
344
344
344
347
347
347
347
347
376
376
376
376
376
373
373
373
373
373
373
380
380
380
380
380
368
368
368
368
368
352
352
352
352
352
352
323
323
323
323
323
306
306
306
306
306
295
295
295
295
295
295
288
288
288
288
288
273
273
273
273
273
288
288
288
288
288
288
278
278
278
278
278
313
313
313
313
313
328
328
328
328
328
328
408
408
408
408
408
414
414
414
414
414
456
456
456
456
456
456
413
413
413
413
413
368
368
368
368
368
329
329
329
329
329
329
294
294
294
294
294
279
279
279
279
279
271
271
271
271
271
271
253
253
253
253
253
248
248
248
248
248
230
230
230
230
230
230
237
237
237
237
237
232
232
232
232
232
244
244
244
244
244
244
239
239
239
239
239
241
241
241
241
241
248
248
248
248
248
248
250
250
250
250
250
249
249
249
249
249
254
254
254
254
254
254
255
255
255
255
255
266
266
266
266
266
261
261
261
261
261
261
272
272
272
272
272
244
244
244
244
244
249
249
249
249
249
249
254
254
254
254
254
242
242
242
242
242
242
242
242
242
242
242
226
226
226
226
226
226
226
226
226
226
220
220
220
220
220
220
218
218
218
218
218
224
224
224
224
224
231
231
231
231
231
231
227
227
227
227
227
226
226
226
226
226
225
225
225
225
225
225
219
219
219
219
219
222
222
222
222
222
220
220
220
220
220
220
212
212
212
212
212
207
207
207
207
207
212
212
212
212
212
212
206
206
206
206
206
215
215
215
215
215
207
207
207
207
207
207
207
207
207
207
207
207
207
207
207
207
214
214
214
214
214
214
205
205
205
205
205
207
207
207
207
207
216
216
216
216
216
216
210
210
210
210
210
197
197
197
197
197
210
210
210
210
210
210
205
205
205
205
205
200
200
200
200
200
216
216
216
216
216
216
205
205
205
205
205
224
224
224
224
224
207
207
207
207
207
207
212
212
212
212
212
212
212
212
212
212
204
204
204
204
204
204
216
216
216
216
216
214
214
214
214
214
202
202
202
202
202
202
192
192
192
192
192
195
195
195
195
195
201
201
201
201
201
201
203
203
203
203
203
196
196
196
196
196
186
186
186
186
186
186
198
198
198
198
198
202
202
202
202
202
210
210
210
210
210
210
198
198
198
198
198
191
191
191
191
191
193
193
193
193
193