212
212
212
212
215
215
215
215
215
217
217
217
217
217
210
210
210
210
210
210
203
203
203
203
203
210
210
210
210
210
209
209
209
209
209
209
216
216
216
216
216
212
212
212
212
212
207
207
207
207
207
207
211
211
211
211
211
214
214
214
214
214
206
206
206
206
206
206
207
207
207
207
207
210
210
210
210
210
203
203
203
203
203
203
206
206
206
206
206
220
220
220
220
220
214
214
214
214
214
214
210
210
210
210
210
212
212
212
212
212
216
216
216
216
216
216
213
213
213
213
213
205
205
205
205
205
211
211
211
211
211
211
212
212
212
212
212
200
200
200
200
200
223
223
223
223
223
223
215
215
215
215
215
217
217
217
217
217
215
215
215
215
215
215
220
220
220
220
220
213
213
213
213
213
209
209
209
209
209
209
209
209
209
209
209
215
215
215
215
215
214
214
214
214
214
214
212
212
212
212
212
212
212
212
212
212
209
209
209
209
209
209
219
219
219
219
219
216
216
216
216
216
215
215
215
215
215
215
199
199
199
199
199
215
215
215
215
215
202
202
202
202
202
202
204
204
204
204
204
216
216
216
216
216
213
213
213
213
213
213
212
212
212
212
212
220
220
220
220
220
207
207
207
207
207
207
214
214
214
214
214
214
214
214
214
214
207
207
207
207
207
207
222
222
222
222
222
207
207
207
207
207
211
211
211
211
211
211
213
213
213
213
213
206
206
206
206
206
212
212
212
212
212
212
209
209
209
209
209
212
212
212
212
212
207
207
207
207
207
207
213
213
213
213
213
211
211
211
211
211
213
213
213
213
213
213
212
212
212
212
212
209
209
209
209
209
210
210
210
210
210
210
209
209
209
209
209
207
207
207
207
207
199
199
199
199
199
199
208
208
208
208
208
209
209
209
209
209
210
210
210
210
210
210
220
220
220
220
220
205
205
205
205
205
216
216
216
216
216
216
210
210
210
210
210
203
203
203
203
203
212
212
212
212
212
212
205
205
205
205
205
206
206
206
206
206
211
211
211
211
211
211
212
212
212
212
212
210
210
210
210
210
213
213
213
213
213
213
216
216
216
216
216
211
211
211
211
211
218
218
218
218
218
218
207
207
207
207
207
202
202
202
202
202
214
214
214
214
214
214
209
209
209
209
209
221
221
221
221
221
207
207
207
207
207
207
218
218
218
218
218
206
206
206
206
206
205
205
205
205
205
205
211
211
211
211
211
210
210
210
210
210
213
213
213
213
213
213
203
203
203
203
203
210
210
210
210
210
217
217
217
217
217
217
216
216
216
216
216
206
206
206
206
206
205
205
205
205
205
205
212
212
212
212
212
209
209
209
209
209
211
211
211
211
211
211
205
205
205
205
205
208
208
208
208
208
216
216
216
216
216
216
216
216
216
216
216
215
215
215
215
215
215
215
215
215
215
215
206
206
206
206
206
213
213
213
213
213
204
204
204
204
204
204
205
205
205
205
205
205
205
205
205
205
210
210
210
210
210
210
209
209
209
209
209
206
206
206
206
206
205
205
205
205
205
205
206
206
206
206
206
204
204
204
204
204
204
204
204
204
204
204
209
209
209
209
209
214
214
214
214
214
212
212
212
212
212
212
205
205
205
205
205
203
203
203
203
203
216
216
216
216
216
216
208
208
208
208
208
204
204
204
204
204
208
208
208
208
208
208
205
205
205
205
205
198
198
198
198
198
208
208
208
208
208
208
195
195
195
195
195
209
209
209
209
209
218
218
218
218
218
218
197
197
197
197
197
205
205
205
205
205
204
204
204
204
204
204
205
205
205
205
205
209
209
209
209
209
205
205
205
205
205
205
205
205
205
205
205
206
206
206
206
206
213
213
213
213
213
213
205
205
205
205
205
203
203
203
203
203
210
210
210
210
210
210
198
198
198
198
198
206
206
206
206
206
206
206
206
206
206
206
207
207
207
207
207
203
203
203
203
203
199
199
199
199
199
199
208
208
208
208
208
207
207
207
207
207
202
202
202
202
202
202
201
201
201
201
201
199
199
199
199
199
202
202
202
202
202
202
204
204
204
204
204
198
198
198
198
198
200
200
200
200
200
200
202
202
202
202
202
206
206
206
206
206
206
206
206
206
206
206
202
202
202
202
202
199
199
199
199
199
198
198
198
198
198
198
200
200
200
200
200
200
200
200
200
200
196
196
196
196
196
196
202
202
202
202
202
208
208
208
208
208
199
199
199
199
199
199
200
200
200
200
200
203
203
203
203
203
206
206
206
206
206
206
208
208
208
208
208
199
199
199
199
199
201
201
201
201
201
201
201
201
201
201
201
211
211
211
211
211
195
195
195
195
195
195
196
196
196
196
196
201
201
201
201
201
193
193
193
193
193
193
199
199
199
199
199
202
202
202
202
202
203
203
203
203
203
203
195
195
195
195
195
201
201
201
201
201
198
198
198
198
198
198
196
196
196
196
196
199
199
199
199
199
199
199
199
199
199
199
202
202
202
202
202
195
195
195
195
195
195
195
195
195
195
195
192
192
192
192
192
199
199
199
199
199
196
196
196
196
196
196
203
203
203
203
203
199
199
199
199
199
193
193
193
193
193
193
197
197
197
197
197
196
196
196
196
196
191
191
191
191
191
191
191
191
191
191
191
193
193
193
193
193
199
199
199
199
199
199
195
195
195
195
195
192
192
192
192
192
197
197
197
197
197
197
198
198
198
198
198
194
194
194
194
194
194
194
194
194
194
194
196
196
196
196
196
195
195
195
195
195
193
193
193
193
193
193
192
192
192
192
192
193
193
193
193
193
192
192
192
192
192
192
188
188
188
188
188
190
190
190
190
190
189
189
189
189
189
189
193
193
193
193
193
188
188
188
188
188
187
187
187
187
187
187
192
192
192
192
192
189
189
189
189
189
189
189
189
189
189
189
189
189
189
189
189
187
187
187
187
187
188
188
188
188
188
188
186
186
186
186
186
192
192
192
192
192
184
184
184
184
184
184
189
189
189
189
189
183
183
183
183
183
183
183
183
183
183
183
189
189
189
189
189
186
186
186
186
186
182
182
182
182
182
182
185
185
185
185
185
187
187
187
187
187
187
187
187
187
187
187
185
185
185
185
185
186
186
186
186
186
185
185
185
185
185
185
182
182
182
182
182
186
186
186
186
186
196
196
196
196
196
196
192
192
192
192
192
189
189
189
189
189
186
186
186
186
186
186
189
189
189
189
189
189
189
189
189
189
184
184
184
184
184
184
188
188
188
188
188
189
189
189
189
189
188
188
188
188
188
188
194
194
194
194
194
193
193
193
193
193
192
192
192
192
192
192
190
190
190
190
190
195
195
195
195
195
191
191
191
191
191
191
196
196
196
196
196
196
196
196
196
196
201
201
201
201
201
201
195
195
195
195
195
209
209
209
209
209
208
208
208
208
208
208
217
217
217
217
217
220
220
220
220
220
225
225
225
225
225
225
243
243
243
243
243
251
251
251
251
251
253
253
253
253
253
253
271
271
271
271
271
268
268
268
268
268
287
287
287
287
287
287
322
322
322
322
322
363
363
363
363
363
413
413
413
413
413
413
487
487
487
487
487
636
636
636
636
636
837
837
837
837
837
837
1108
1108
1108
1108
1108
1403
1403
1403
1403
1403
1720
1720
1720
1720
1720
1720
2041
2041
2041
2041
2041
2365
2365
2365
2365
2365
2650
2650
2650
2650
2650
2650
2961
2961
2961
2961
2961
3229
3229
3229
3229
3229
3525
3525
3525
3525
3525
3525
3777
3777
3777
3777
3777
4054
4054
4054
4054
4054
4095
4095
4095
4095
4095
4095
4095
4095
4095
4095
4095
4095
4095
4095
4095
4095
4095
4095
4095
4095
4095
4095
4095
4095
4095
4095
4095
4095
4095
4095
4095
4095
4095
4095
4095
4095
4095
4095
4095
4095
4095
4095
4095
4095
4095
4095
4095
4095
4095
4095
4095
4095
4095
4095
4095
4095
4095
4095
4095
4095
4095
4095
4095
4095
4095
4095
4095
4095
4095
4095
4095
4095
4095
4095
4095
4095
4095
4095
4095
4095
4095
4095
4095
4095
4095
4095
3944
3944
3944
3944
3944
3578
3578
3578
3578
3578
3195
3195
3195
3195
3195
3195
2795
2795
2795
2795
2795
2427
2427
2427
2427
2427
2118
2118
2118
2118
2118
2118
1886
1886
1886
1886
1886
1701
1701
1701
1701
1701
1556
1556
1556
1556
1556
1556
1459
1459
1459
1459
1459
1377
1377
1377
1377
1377
1297
1297
1297
1297
1297
1297
1182
1182
1182
1182
1182
1020
1020
1020
1020
1020
841
841
841
841
841
841
589
589
589
589
589
408
408
408
408
408
319
319
319
319
319
319
279
279
279
279
279
241
241
241
241
241
246
246
246
246
246
246
240
240
240
240
240
229
229
229
229
229
231
231
231
231
231
231
235
235
235
235
235
225
225
225
225
225
222
222
222
222
222
222
229
229
229
229
229
229
229
229
229
229
210
210
210
210
210
210
222
222
222
222
222
213
213
213
213
213
215
215
215
215
215
215
209
209
209
209
209
208
208
208
208
208
203
203
203
203
203
203
198
198
198
198
198
203
203
203
203
203
207
207
207
207
207
207
199
199
199
199
199
201
201
201
201
201
198
198
198
198
198
198
202
202
202
202
202
207
207
207
207
207
201
201
201
201
201
201
193
193
193
193
193
197
197
197
197
197
196
196
196
196
196
196
207
207
207
207
207
198
198
198
198
198
205
205
205
205
205
205
198
198
198
198
198
204
204
204
204
204
208
208
208
208
208
208
203
203
203
203
203
208
208
208
208
208
189
189
189
189
189
189
202
202
202
202
202
189
189
189
189
189
198
198
198
198
198
198
193
193
193
193
193
193
193
193
193
193
199
199
199
199
199
199
195
195
195
195
195
204
204
204
204
204
198
198
198
198
198
198
204
204
204
204
204
203
203
203
203
203
209
209
209
209
209
209
204
204
204
204
204
209
209
209
209
209
200
200
200
200
200
200
206
206
206
206
206
211
211
211
211
211
190
190
190
190
190
190
205
205
205
205
205
202
202
202
202
202
198
198
198
198
198
198
195
195
195
195
195
204
204
204
204
204
198
198
198
198
198
198
196
196
196
196
196
193
193
193
193
193
191
191
191
191
191
191
190
190
190
190
190
185
185
185
185
185
188
188
188
188
188
188
186
186
186
186
186
187
187
187
187
187
187
187
187
187
187
187
184
184
184
184
184
184
184
184
184
184
186
186
186
186
186
186
183
183
183
183
183
183
183
183
183
183
178
178
178
178
178
178
180
180
180
180
180
173
173
173
173
173
175
175
175
175
175
175
181
181
181
181
181
178
178
178
178
178
173
173
173
173
173
173
180
180
180
180
180
174
174
174
174
174
178
178
178
178
178
178
177
177
177
177
177
178
178
178
178
178
178
178
178
178
178
178
177
177
177
177
177
181
181
181
181
181
176
176
176
176
176
176
180
180
180
180
180
179
179
179
179
179
176
176
176
176
176
176
175
175
175
175
175
179
179
179
179
179
180
180
180
180
180
180
188
188
188
188
188
184
184
184
184
184
180
180
180
180
180
180
181
181
181
181
181
187
187
187
187
187
182
182
182
182
182
182
183
183
183
183
183
184
184
184
184
184
181
181
181
181
181
181
177
177
177
177
177
178
178
178
178
178
179
179
179
179
179
179
178
178
178
178
178
183
183
183
183
183
182
182
182
182
182
182
185
185
185
185
185
177
177
177
177
177
178
178
178
178
178
178
183
183
183
183
183
176
176
176
176
176
178
178
178
178
178
178
176
176
176
176
176
184
184
184
184
184
181
181
181
181
181
181
179
179
179
179
179
177
177
177
177
177
181
181
181
181
181
181
184
184
184
184
184
179
179
179
179
179
182
182
182
182
182
182
186
186
186
186
186
183
183
183
183
183
180
180
180
180
180
180
188
188
188
188
188
184
184
184
184
184
185
185
185
185
185
185
190
190
190
190
190
194
194
194
194
190
190
190
190
190
190
190
190
190
190
190
185
185
185
185
185
185
185
185
185
185
185
188
188
188
188
188
193
193
193
193
193
191
191
191
191
191
191
187
187
187
187
187
189
189
189
189
189
190
190
190
190
190
190
192
192
192
192
192
193
193
193
193
193
188
188
188
188
188
188
196
196
196
196
196
190
190
190
190
190
189
189
189
189
189
189
186
186
186
186
186
189
189
189
189
189
186
186
186
186
186
186
184
184
184
184
184
187
187
187
187
187
182
182
182
182
182
182
182
182
182
182
182
186
186
186
186
186
185
185
185
185
185
185
183
183
183
183
183
188
188
188
188
188
186
186
186
186
186
186
180
180
180
180
180
186
186
186
186
186
183
183
183
183
183
183
182
182
182
182
182
181
181
181
181
181
181
181
181
181
181
181
190
190
190
190
190
181
181
181
181
181
182
182
182
182
182
182
178
178
178
178
178
179
179
179
179
179
183
183
183
183
183
183
179
179
179
179
179
182
182
182
182
182
179
179
179
179
179
179
181
181
181
181
181
176
176
176
176
176
177
177
177
177
177
177
177
177
177
177
177
177
177
177
177
177
175
175
175
175
175
175
181
181
181
181
181
178
178
178
178
178
178
178
178
178
178
178
176
176
176
176
176
181
181
181
181
181
178
178
178
178
178
178
181
181
181
181
181
181
181
181
181
181
178
178
178
178
178
178
180
180
180
180
180
176
176
176
176
176
178
178
178
178
178
178
185
185
185
185
185
180
180
180
180
180
182
182
182
182
182
182
179
179
179
179
179
180
180
180
180
180
181
181
181
181
181
181
183
183
183
183
183
186
186
186
186
186
175
175
175
175
175
175
183
183
183
183
183
182
182
182
182
182
183
183
183
183
183
183
183
183
183
183
183
184
184
184
184
184
184
184
184
184
184
184
187
187
187
187
187
181
181
181
181
181
186
186
186
186
186
186
183
183
183
183
183
185
185
185
185
185
183
183
183
183
183
183
187
187
187
187
187
181
181
181
181
181
183
183
183
183
183
183
184
184
184
184
184
182
182
182
182
182
177
177
177
177
177
177
185
185
185
185
185
188
188
188
188
188
188
188
188
188
188
188
181
181
181
181
181
189
189
189
189
189
190
190
190
190
190
190
187
187
187
187
187
187
187
187
187
187
193
193
193
193
193
193
185
185
185
185
185
193
193
193
193
193
183
183
183
183
183
183
190
190
190
190
190
187
187
187
187
187
194
194
194
194
194
194
192
192
192
192
192
189
189
189
189
189
185
185
185
185
185
185
193
193
193
193
193
191
191
191
191
191
192
192
192
192
192
192
196
196
196
196
196
193
193
193
193
193
192
192
192
192
192
192
199
199
199
199
199
199
199
199
199
199
203
203
203
203
203
203
200
200
200
200
200
205
205
205
205
205
202
202
202
202
202
202
200
200
200
200
200
201
201
201
201
201
205
205
205
205
205
205
204
204
204
204
204
211
211
211
211
211
206
206
206
206
206
206
213
213
213
213
213
207
207
207
207
207
206
206
206
206
206
206
212
212
212
212
212
206
206
206
206
206
204
204
204
204
204
204
208
208
208
208
208
212
212
212
212
212
223
223
223
223
223
223
215
215
215
215
215
210
210
210
210
210
203
203
203
203
203
203
210
210
210
210
210
199
199
199
199
199
201
201
201
201
201
201
206
206
206
206
206
205
205
205
205
205
201
201
201
201
201
201
212
212
212
212
212
213
213
213
213
213
213
213
213
213
213
213
211
211
211
211
211
203
203
203
203
203
214
214
214
214
214
214
217
217
217
217
217
212
212
212
212
212
224
224
224
224
224
224
221
221
221
221
221
218
218
218
218
218
211
211
211
211
211
211
218
218
218
218
218
209
209
209
209
209
212
212
212
212
212
212
214
214
214
214
214
212
212
212
212
212
222
222
222
222
222
222
216
216
216
216
216
205
205
205
205
205
216
216
216
216
216
216
211
211
211
211
211
223
223
223
223
223
230
230
230
230
230
230
230
230
230
230
230
237
237
237
237
237
237
237
237
237
237
237
247
247
247
247
247
258
258
258
258
258
258
258
258
258
258
258
273
273
273
273
273
256
256
256
256
256
268
268
268
268
268
268
281
281
281
281
281
270
270
270
270
270
270
270
270
270
270
270
281
281
281
281
281
288
288
288
288
288
299
299
299
299
299
299
324
324
324
324
324
317
317
317
317
317
341
341
341
341
341
341
384
384
384
384
384
406
406
406
406
406
396
396
396
396
396
396
430
430
430
430
430
447
447
447
447
447
474
474
474
474
474
474
494
494
494
494
494
495
495
495
495
495
504
504
504
504
504
504
501
501
501
501
501
517
517
517
517
517
542
542
542
542
542
542
542
542
542
542
542
600
600
600
600
600
562
562
562
562
562
562
571
571
571
571
571
564
564
564
564
564
550
550
550
550
550
550
573
573
573
573
573
535
535
535
535
535
542
542
542
542
542
542
511
511
511
511
511
496
496
496
496
496
482
482
482
482
482
482
504
504
504
504
504
481
481
481
481
481
458
458
458
458
458
458
479
479
479
479
479
413
413
413
413
413
468
468
468
468
468
468
472
472
472
472
472
489
489
489
489
489
483
483
483
483
483
483
469
469
469
469
469
460
460
460
460
460
428
428
428
428
428
428
396
396
396
396
396
355
355
355
355
355
371
371
371
371
371
371
361
361
361
361
361
344
344
344
344
344
340
340
340
340
340
340
326
326
326
326
326
344
344
344
344
344
342
342
342
342
342
342
350
350
350
350
350
345
345
345
345
345
354
354
354
354
354
354
363
363
363
363
363
388
388
388
388
388
380
380
380
380
380
380
363
363
363
363
363
345
345
345
345
345
348
348
348
348
348
348
332
332
332
332
332
319
319
319
319
319
342
342
342
342
342
342
307
307
307
307
307
307
307
307
307
307
303
303
303
303
303
303
305
305
305
305
305
321
321
321
321
321
343
343
343
343
343
343
361
361
361
361
361
353
353
353
353
353
385
385
385
385
385
385
362
362
362
362
362
376
376
376
376
376
353
353
353
353
353
353
364
364
364
364
364
355
355
355
355
355
337
337
337
337
337
337
358
358
358
358
358
323
323
323
323
323
338
338
338
338
338
338
355
355
355
355
355
365
365
365
365
365
373
373
373
373
373
373
399
399
399
399
399
407
407
407
407
407
436
436
436
436
436
436
474
474
474
474
474
464
464
464
464
464
465
465
465
465
465
465
470
470
470
470
470
460
460
460
460
460
399
399
399
399
399
399
395
395
395
395
395
365
365
365
365
365
350
350
350
350
350
350
344
344
344
344
344
350
350
350
350
350
355
355
355
355
355
355
328
328
328
328
328
323
323
323
323
323
325
325
325
325
325
325
324
324
324
324
324
326
326
326
326
326
312
312
312
312
312
312
291
291
291
291
291
302
302
302
302
302
279
279
279
279
279
279
274
274
274
274
274
261
261
261
261
261
258
258
258
258
258
258
238
238
238
238
238
244
244
244
244
244
236
236
236
236
236
236
237
237
237
237
237
237
237
237
237
237
241
241
241
241
241
241
234
234
234
234
234
220
220
220
220
220
226
226
226
226
226
226
237
237
237
237
237
227
227
227
227
227
231
231
231
231
231
231
215
215
215
215
215
218
218
218
218
218
213
213
213
213
213
213
211
211
211
211
211
218
218
218
218
218
217
217
217
217
217
217
207
207
207
207
207
218
218
218
218
218
222
222
222
222
222
222
216
216
216
216
216
225
225
225
225
225
217
217
217
217
217
217
214
214
214
214
214
213
213
213
213
213
210
210
210
210
210
210
199
199
199
199
199
205
205
205
205
205
209
209
209
209
209
209
202
202
202
202
202
211
211
211
211
211
196
196
196
196
196
196
196
196
196
196
196
202
202
202
202
202
195
195
195
195
195
195
199
199
199
199
199
200
200
200
200
200
197
197
197
197
197
197
195
195
195
195
195
198
198
198
198
198
195
195
195
195
195
195
192
192
192
192
192
191
191
191
191
191
194
194
194
194
194
194
190
190
190
190
190
190
190
190
190
190
191
191
191
191
191
191
191
191
191
191
191
189
189
189
189
189
184
184
184
184
184
184
187
187
187
187
187
186
186
186
186
186
188
188
188
188
188
188
191
191
191
191
191
189
189
189
189
189
183
183
183
183
183
183
189
189
189
189
189
184
184
184
184
184
184
184
184
184
184
184
181
181
181
181
181
181
181
181
181
181
183
183
183
183
183
183
183
183
183
183
183
186
186
186
186
186
188
188
188
188
188
188
185
185
185
185
185
189
189
189
189
189
183
183
183
183
183
183
182
182
182
182
182
183
183
183
183
183
179
179
179
179
179
179
189
189
189
189
189
181
181
181
181
181
186
186
186
186
186
186
181
181
181
181
181
181
181
181
181
181
187
187
187
187
187
187
182
182
182
182
182
176
176
176
176
176
185
185
185
185
185
185
184
184
184
184
184
179
179
179
179
179
183
183
183
183
183
183
185
185
185
185
185
185
185
185
185
185
181
181
181
181
181
181
184
184
184
184
184
181
181
181
181
181
181
181
181
181
181
181
187
187
187
187
187
186
186
186
186
186
189
189
189
189
189
189
190
190
190
190
190
176
176
176
176
176
180
180
180
180
180
180
187
187
187
187
187
184
184
184
184
184
189
189
189
189
189
189
185
185
185
185
185
182
182
182
182
182
185
185
185
185
185
185
189
189
189
189
189
186
186
186
186
186
188
188
188
188
188
188
192
192
192
192
192
189
189
189
189
189
194
194
194
194
194
194
192
192
192
192
192
191
191
191
191
191
193
193
193
193
193
193
194
194
194
194
194
196
196
196
196
196
190
190
190
190
190
190
184
184
184
184
184
196
196
196
196
196
191
191
191
191
191
191
195
195
195
195
195
190
190
190
190
190
190
190
190
190
190
190
188
188
188
188
188
198
198
198
198
198
199
199
199
199
199
199
201
201
201
201
201
199
199
199
199
199
196
196
196
196
196
196
196
196
196
196
196
195
195
195
195
195
193
193
193
193
193
193
189
189
189
189
189
197
197
197
197
197
198
198
198
198
198
198
197
197
197
197
197
200
200
200
200
200
196
196
196
196
196
196
199
199
199
199
199
198
198
198
198
198
200
200
200
200
200
200
207
207
207
207
207
203
203
203
203
203
201
201
201
201
201
201
207
207
207
207
207
200
200
200
200
200
199
199
199
199
199
199
204
204
204
204
204
204
204
204
204
204
207
207
207
207
207
207
203
203
203
203
203
204
204
204
204
204
195
195
195
195
195
195
200
200
200
200
200
201
201
201
201
201
200
200
200
200
200
200
208
208
208
208
208
200
200
200
200
200
199
199
199
199
199
199
208
208
208
208
208
206
206
206
206
206
211
211
211
211
211
211
207
207
207
207
207
211
211
211
211
211
212
212
212
212
212
212
205
205
205
205
205
205
205
205
205
205
205
205
205
205
205
205
212
212
212
212
212
215
215
215
215
215
218
218
218
218
218
218
209
209
209