210
210
210
210
210
210
211
211
211
211
211
211
208
208
208
208
208
220
220
220
220
220
215
215
215
215
215
215
210
210
210
210
210
207
207
207
207
207
214
214
214
214
214
214
208
208
208
208
208
209
209
209
209
209
214
214
214
214
214
214
210
210
210
210
210
214
214
214
214
214
209
209
209
209
209
209
214
214
214
214
214
205
205
205
205
205
207
207
207
207
207
207
211
211
211
211
211
201
201
201
201
201
207
207
207
207
207
207
214
214
214
214
214
211
211
211
211
211
205
205
205
205
205
205
209
209
209
209
209
212
212
212
212
212
207
207
207
207
207
207
208
208
208
208
208
199
199
199
199
199
210
210
210
210
210
210
211
211
211
211
211
207
207
207
207
207
211
211
211
211
211
211
211
211
211
211
211
210
210
210
210
210
207
207
207
207
207
207
212
212
212
212
212
206
206
206
206
206
206
206
206
206
206
206
205
205
205
205
205
211
211
211
211
211
206
206
206
206
206
206
210
210
210
210
210
213
213
213
213
213
217
217
217
217
217
217
211
211
211
211
211
209
209
209
209
209
203
203
203
203
203
203
206
206
206
206
206
200
200
200
200
200
208
208
208
208
208
208
209
209
209
209
209
205
205
205
205
205
206
206
206
206
206
206
209
209
209
209
209
211
211
211
211
211
208
208
208
208
208
208
213
213
213
213
213
204
204
204
204
204
203
203
203
203
203
203
205
205
205
205
205
202
202
202
202
202
203
203
203
203
203
203
210
210
210
210
210
213
213
213
213
213
211
211
211
211
211
211
202
202
202
202
202
205
205
205
205
205
210
210
210
210
210
210
203
203
203
203
203
198
198
198
198
198
199
199
199
199
199
199
209
209
209
209
209
196
196
196
196
196
203
203
203
203
203
203
195
195
195
195
195
206
206
206
206
206
210
210
210
210
210
210
202
202
202
202
202
201
201
201
201
201
197
197
197
197
197
197
204
204
204
204
204
200
200
200
200
200
193
193
193
193
193
193
203
203
203
203
203
199
199
199
199
199
201
201
201
201
201
201
202
202
202
202
202
204
204
204
204
204
205
205
205
205
205
205
206
206
206
206
206
199
199
199
199
199
199
199
199
199
199
199
204
204
204
204
204
199
199
199
199
199
203
203
203
203
203
203
195
195
195
195
195
198
198
198
198
198
199
199
199
199
199
199
194
194
194
194
194
193
193
193
193
193
201
201
201
201
201
201
203
203
203
203
203
204
204
204
204
204
198
198
198
198
198
198
200
200
200
200
200
199
199
199
199
199
199
199
199
199
199
199
199
199
199
199
199
201
201
201
201
201
203
203
203
203
203
203
200
200
200
200
200
199
199
199
199
199
198
198
198
198
198
198
205
205
205
205
205
193
193
193
193
193
197
197
197
197
197
197
203
203
203
203
203
199
199
199
199
199
193
193
193
193
193
193
199
199
199
199
199
203
203
203
203
203
201
201
201
201
201
201
199
199
199
199
199
204
204
204
204
204
196
196
196
196
196
196
203
203
203
203
203
200
200
200
200
200
203
203
203
203
203
203
206
206
206
206
206
195
195
195
195
195
199
199
199
199
199
199
194
194
194
194
194
208
208
208
208
208
201
201
201
201
201
201
192
192
192
192
192
207
207
207
207
207
201
201
201
201
201
201
209
209
209
209
209
201
201
201
201
201
211
211
211
211
211
211
219
219
219
219
219
204
204
204
204
204
213
213
213
213
213
213
204
204
204
204
204
210
210
210
210
210
196
196
196
196
196
196
209
209
209
209
209
204
204
204
204
204
211
211
211
211
211
211
200
200
200
200
200
202
202
202
202
202
203
203
203
203
203
203
204
204
204
204
204
201
201
201
201
201
201
201
201
201
201
201
206
206
206
206
206
201
201
201
201
201
212
212
212
212
212
212
206
206
206
206
206
211
211
211
211
211
216
216
216
216
216
216
216
216
216
216
216
228
228
228
228
228
229
229
229
229
229
229
237
237
237
237
237
245
245
245
245
245
233
233
233
233
233
233
248
248
248
248
248
255
255
255
255
255
257
257
257
257
257
257
251
251
251
251
251
259
259
259
259
259
260
260
260
260
260
260
250
250
250
250
250
247
247
247
247
247
266
266
266
266
266
266
264
264
264
264
264
257
257
257
257
257
278
278
278
278
278
278
287
287
287
287
287
302
302
302
302
302
297
297
297
297
297
297
331
331
331
331
331
312
312
312
312
312
315
315
315
315
315
315
303
303
303
303
303
275
275
275
275
275
280
280
280
280
280
280
258
258
258
258
258
263
263
263
263
263
254
254
254
254
254
254
246
246
246
246
246
249
249
249
249
249
255
255
255
255
255
255
260
260
260
260
260
266
266
266
266
266
282
282
282
282
282
282
297
297
297
297
297
295
295
295
295
295
287
287
287
287
287
287
308
308
308
308
308
292
292
292
292
292
303
303
303
303
303
303
289
289
289
289
289
290
290
290
290
290
290
290
290
290
290
290
285
285
285
285
285
311
311
311
311
311
281
281
281
281
281
281
297
297
297
297
297
285
285
285
285
285
309
309
309
309
309
309
321
321
321
321
321
328
328
328
328
328
390
390
390
390
390
390
461
461
461
461
461
559
559
559
559
559
671
671
671
671
671
671
785
785
785
785
785
820
820
820
820
820
871
871
871
871
871
871
889
889
889
889
889
904
904
904
904
904
960
960
960
960
960
960
1042
1042
1042
1042
1042
1204
1204
1204
1204
1204
1368
1368
1368
1368
1368
1368
1586
1586
1586
1586
1586
1819
1819
1819
1819
1819
2029
2029
2029
2029
2029
2029
2162
2162
2162
2162
2162
2229
2229
2229
2229
2229
2245
2245
2245
2245
2245
2245
2196
2196
2196
2196
2196
2111
2111
2111
2111
2111
2011
2011
2011
2011
2011
2011
1898
1898
1898
1898
1898
1833
1833
1833
1833
1833
1799
1799
1799
1799
1799
1799
1852
1852
1852
1852
1852
1953
1953
1953
1953
1953
2133
2133
2133
2133
2133
2133
2448
2448
2448
2448
2448
2783
2783
2783
2783
2783
3228
3228
3228
3228
3228
3228
3667
3667
3667
3667
3667
4095
4095
4095
4095
4095
4095
4095
4095
4095
4095
4095
4095
4095
4095
4095
4095
4095
4095
4095
4095
4095
4025
4025
4025
4025
4025
4025
3418
3418
3418
3418
3418
2577
2577
2577
2577
2577
1691
1691
1691
1691
1691
1691
847
847
847
847
847
375
375
375
375
375
273
273
273
273
273
273
260
260
260
260
260
234
234
234
234
234
245
245
245
245
245
245
245
245
245
245
245
291
291
291
291
291
319
319
319
319
319
319
430
430
430
430
430
663
663
663
663
663
897
897
897
897
897
897
1032
1032
1032
1032
1032
1026
1026
1026
1026
1026
951
951
951
951
951
951
775
775
775
775
775
582
582
582
582
582
432
432
432
432
432
432
348
348
348
348
348
287
287
287
287
287
271
271
271
271
271
271
254
254
254
254
254
245
245
245
245
245
245
245
245
245
245
245
237
237
237
237
237
233
233
233
233
233
233
233
233
233
233
233
233
233
233
233
233
233
233
233
233
233
232
232
232
232
232
232
236
236
236
236
236
244
244
244
244
244
249
249
249
249
249
249
241
241
241
241
241
239
239
239
239
239
224
224
224
224
224
224
221
221
221
221
221
217
217
217
217
217
201
201
201
201
201
201
206
206
206
206
206
200
200
200
200
200
191
191
191
191
191
191
196
196
196
196
196
193
193
193
193
193
196
196
196
196
196
196
198
198
198
198
198
183
183
183
183
183
195
195
195
195
195
195
194
194
194
194
194
192
192
192
192
192
187
187
187
187
187
187
193
193
193
193
193
188
188
188
188
188
191
191
191
191
191
191
195
195
195
195
195
186
186
186
186
186
191
191
191
191
191
191
186
186
186
186
186
189
189
189
189
189
181
181
181
181
181
181
192
192
192
192
192
187
187
187
187
187
190
190
190
190
190
190
187
187
187
187
187
191
191
191
191
191
190
190
190
190
190
190
189
189
189
189
189
191
191
191
191
191
188
188
188
188
188
188
186
186
186
186
186
186
186
186
186
186
183
183
183
183
183
183
187
187
187
187
187
184
184
184
184
184
188
188
188
188
188
188
185
185
185
185
185
187
187
187
187
187
190
190
190
190
190
190
187
187
187
187
187
192
192
192
192
192
184
184
184
184
184
184
183
183
183
183
183
183
183
183
183
183
187
187
187
187
187
187
189
189
189
189
189
181
181
181
181
181
190
190
190
190
190
190
181
181
181
181
181
187
187
187
187
187
186
186
186
186
186
186
178
178
178
178
178
182
182
182
182
182
184
184
184
184
184
184
182
182
182
182
182
186
186
186
186
186
182
182
182
182
182
182
180
180
180
180
180
186
186
186
186
186
183
183
183
183
183
183
187
187
187
187
187
181
181
181
181
181
182
182
182
182
182
182
181
181
181
181
181
184
184
184
184
184
177
177
177
177
177
177
184
184
184
184
184
181
181
181
181
181
184
184
184
184
184
184
182
182
182
182
182
186
186
186
186
186
181
181
181
181
181
181
181
181
181
181
181
189
189
189
189
189
186
186
186
186
186
186
184
184
184
184
184
180
180
180
180
180
182
182
182
182
182
182
184
184
184
184
184
181
181
181
181
181
184
184
184
184
184
184
183
183
183
183
183
187
187
187
187
187
183
183
183
183
183
183
186
186
186
186
186
182
182
182
182
182
185
185
185
185
185
185
185
185
185
185
185
187
187
187
187
187
193
193
193
193
193
193
184
184
184
184
184
185
185
185
185
185
190
190
190
190
190
190
183
183
183
183
183
187
187
187
187
187
182
182
182
182
182
182
186
186
186
186
186
191
191
191
191
191
181
181
181
181
181
181
191
191
191
191
191
193
193
193
193
193
189
189
189
189
189
189
200
200
200
200
200
190
190
190
190
190
193
193
193
193
193
193
192
192
192
192
192
191
191
191
191
191
196
196
196
196
196
196
194
194
194
194
194
197
197
197
197
197
198
198
198
198
198
198
188
188
188
188
188
191
191
191
191
191
191
191
191
191
191
191
191
191
191
191
191
191
191
191
191
191
198
198
198
198
198
198
195
195
195
195
195
203
203
203
203
203
198
198
198
198
198
198
200
200
200
200
200
201
201
201
201
201
199
199
199
199
199
199
193
193
193
193
193
205
205
205
205
205
203
203
203
203
203
203
199
199
199
199
199
203
203
203
203
203
208
208
208
208
208
208
200
200
200
200
200
199
199
199
199
199
200
200
200
200
200
200
194
194
194
194
194
197
197
197
197
197
195
195
195
195
195
195
201
201
201
201
201
190
190
190
190
190
196
196
196
196
196
196
193
193
193
193
193
199
199
199
199
199
208
208
208
208
208
208
206
206
206
206
206
207
207
207
207
207
209
209
209
209
209
209
200
200
200
200
200
208
208
208
208
208
204
204
204
204
204
204
195
195
195
195
195
202
202
202
202
202
207
207
207
207
207
207
201
201
201
201
201
204
204
204
204
204
201
201
201
201
201
201
204
204
204
204
204
204
204
204
204
204
203
203
203
203
203
203
206
206
206
206
206
203
203
203
203
203
201
201
201
201
201
201
203
203
203
203
203
212
212
212
212
212
197
197
197
197
197
197
208
208
208
208
208
199
199
199
199
199
203
203
203
203
203
203
207
207
207
207
207
209
209
209
209
209
205
205
205
205
205
205
206
206
206
206
206
205
205
205
205
205
190
190
190
190
190
190
202
202
202
202
202
205
205
205
205
205
197
197
197
197
197
197
197
197
197
197
197
206
206
206
206
206
208
208
208
208
208
208
212
212
212
212
212
211
211
211
211
211
207
207
207
207
207
207
202
202
202
202
202
201
201
201
201
201
209
209
209
209
209
209
205
205
205
205
205
213
213
213
213
213
213
213
213
213
213
213
208
208
208
208
208
199
199
199
199
199
204
204
204
204
204
204
210
210
210
210
210
203
203
203
203
203
199
199
199
199
199
199
208
208
208
208
208
219
219
219
219
219
213
213
213
213
213
213
210
210
210
210
210
212
212
212
212
212
206
206
206
206
206
206
207
207
207
207
207
205
205
205
205
205
227
227
227
227
227
227
213
213
213
213
213
210
210
210
210
210
206
206
206
206
206
206
208
208
208
208
208
207
207
207
207
207
216
216
216
216
216
216
209
209
209
209
209
199
199
199
199
199
219
219
219
219
219
219
204
204
204
204
204
223
223
223
223
223
221
221
221
221
221
221
214
214
214
214
214
216
216
216
216
216
217
217
217
217
217
217
209
209
209
209
209
215
215
215
215
215
217
217
217
217
217
217
215
215
215
215
215
209
209
209
209
209
215
215
215
215
215
215
216
216
216
216
216
221
221
221
221
221
221
221
221
221
221
221
216
216
216
216
216
221
221
221
221
221
228
228
228
228
228
228
231
231
231
231
231
227
227
227
227
227
234
234
234
234
234
234
243
243
243
243
243
238
238
238
238
238
241
241
241
241
241
241
233
233
233
233
233
238
238
238
238
238
240
240
240
240
240
240
228
228
228
228
228
244
244
244
244
244
249
249
249
249
249
249
229
229
229
229
229
257
257
257
257
257
249
249
249
249
249
249
259
259
259
259
259
261
261
261
261
261
250
250
250
250
250
250
247
247
247
247
247
246
246
246
246
246
254
254
254
254
254
254
245
245
245
245
245
253
253
253
253
253
253
253
253
253
253
253
252
252
252
252
252
258
258
258
258
258
269
269
269
269
269
269
262
262
262
262
262
272
272
272
272
272
293
293
293
293
293
293
296
296
296
296
296
295
295
295
295
295
283
283
283
283
283
283
275
275
275
275
275
269
269
269
269
269
275
275
275
275
275
275
268
268
268
268
268
258
258
258
258
258
258
258
258
258
258
258
294
294
294
294
294
309
309
309
309
309
319
319
319
319
319
319
356
356
356
356
356
377
377
377
377
377
442
442
442
442
442
442
434
434
434
434
434
441
441
441
441
441
478
478
478
478
478
478
445
445
445
445
445
435
435
435
435
435
387
387
387
387
387
387
385
385
385
385
385
387
387
387
387
387
375
375
375
375
375
375
408
408
408
408
408
433
433
433
433
433
454
454
454
454
454
454
511
511
511
511
511
600
600
600
600
600
617
617
617
617
617
617
692
692
692
692
692
702
702
702
702
702
699
699
699
699
699
699
670
670
670
670
670
657
657
657
657
657
616
616
616
616
616
616
558
558
558
558
558
511
511
511
511
511
476
476
476
476
476
476
433
433
433
433
433
439
439
439
439
439
410
410
410
410
410
410
402
402
402
402
402
400
400
400
400
400
394
394
394
394
394
394
387
387
387
387
387
366
366
366
366
366
365
365
365
365
365
365
346
346
346
346
346
336
336
336
336
336
343
343
343
343
343
343
319
319
319
319
319
325
325
325
325
325
310
310
310
310
310
310
290
290
290
290
290
286
286
286
286
286
293
293
293
293
293
293
292
292
292
292
292
277
277
277
277
277
286
286
286
286
286
286
271
271
271
271
271
260
260
260
260
260
269
269
269
269
269
269
255
255
255
255
255
248
248
248
248
248
249
249
249
249
249
249
236
236
236
236
236
250
250
250
250
250
239
239
239
239
239
239
242
242
242
242
242
222
222
222
222
222
229
229
229
229
229
229
232
232
232
232
232
221
221
221
221
221
216
216
216
216
216
216
215
215
215
215
215
214
214
214
214
214
216
216
216
216
216
216
217
217
217
217
217
221
221
221
221
221
205
205
205
205
205
205
219
219
219
219
219
211
211
211
211
211
217
217
217
217
217
217
206
206
206
206
206
214
214
214
214
214
205
205
205
205
205
205
210
210
210
210
210
201
201
201
201
201
196
196
196
196
196
196
208
208
208
208
208
202
202
202
202
202
200
200
200
200
200
200
208
208
208
208
208
205
205
205
205
205
194
194
194
194
194
194
184
184
184
184
184
188
188
188
188
188
193
193
193
193
193
193
197
197
197
197
197
194
194
194
194
194
198
198
198
198
198
198
195
195
195
195
195
190
190
190
190
190
191
191
191
191
191
191
192
192
192
192
192
193
193
193
193
193
191
191
191
191
191
191
198
198
198
198
198
199
199
199
199
199
200
200
200
200
200
200
195
195
195
195
195
190
190
190
190
190
186
186
186
186
186
186
192
192
192
192
192
185
185
185
185
185
188
188
188
188
188
188
188
188
188
188
188
189
189
189
189
189
188
188
188
188
188
188
190
190
190
190
190
185
185
185
185
185
193
193
193
193
193
193
189
189
189
189
189
191
191
191
191
191
189
189
189
189
189
189
196
196
196
196
196
191
191
191
191
191
186
186
186
186
186
186
190
190
190
190
190
186
186
186
186
186
193
193
193
193
193
193
192
192
192
192
192
197
197
197
197
197
186
186
186
186
186
186
189
189
189
189
189
191
191
191
191
191
184
184
184
184
184
184
192
192
192
192
192
193
193
193
193
193
187
187
187
187
187
187
186
186
186
186
186
190
190
190
190
190
190
190
190
190
190
190
189
189
189
189
189
190
190
190
190
190
181
181
181
181
181
181
191
191
191
191
191
195
195
195
195
195
199
199
199
199
199
199
197
197
197
197
197
190
190
190
190
190
198
198
198
198
198
198
193
193
193
193
193
195
195
195
195
195
193
193
193
193
193
193
195
195
195
195
195
202
202
202
202
202
193
193
193
193
193
193
195
195
195
195
195
198
198
198
198
198
199
199
199
199
199
199
194
194
194
194
194
196
196
196
196
196
197
197
197
197
197
197
192
192
192
192
192
198
198
198
198
198
192
192
192
192
192
192
199
199
199
199
199
197
197
197
197
197
196
196
196
196
196
196
204
204
204
204
204
200
200
200
200
200
206
206
206
206
206
206
201
201
201
201
201
204
204
204
204
204
198
198
198
198
198
198
208
208
208
208
208
191
191
191
191
191
205
205
205
205
205
205
201
201
201
201
201
209
209
209
209
209
193
193
193
193
193
193
208
208
208
208
208
203
203
203
203
203
199
199
199
199
199
199
214
214
214
214
214
205
205
205
205
205
206
206
206
206
206
206
220
220
220
220
220
214
214
214
214
214
212
212
212
212
212
212
212
212
212
212
212
221
221
221
221
221
219
219
219
219
219
219
229
229
229
229
229
213
213
213
213
213
228
228
228
228
228
228
232
232
232
232
232
227
227
227
227
227
233
233
233
233
233
233
220
220
220
220
220
227
227
227
227
227
232
232
232
232
232
232
221
221
221
221
221
233
233
233
233
233
225
225
225
225
225
225
224
224
224
224
224
234
234
234
234
234
225
225
225
225
225
225
232
232
232
232
232
231
231
231
231
231
231
231
231
231
231
231
229
229
229
229
229
234
234
234
234
234
234
234
234
234
234
234
227
227
227
227
227
230
230
230
230
230
241
241
241
241
241
241
230
230
230
230
230
236
236
236
236
236
247
247
247
247
247
247
230
230
230
230
230
237
237
237
237
237
242
242
242
242
242
242
232
232
232
232
232
237
237
237
237
237
242
242
242
242
242
242
230
230
230
230
230
223
223
223
223
223
230
230
230
230
230
230
228
228
228
228
228
237
237
237
237
237
226
226
226
226
226
226
236
236
236
236
236
234
234
234
234
234
231
231
231
231
231
231
228
228
228
228
228
239
239
239
239
239
229
229
229
229
229
229
231
231
231
231
231
236
236
236
236
236
227
227
227
227
227
227
223
223
223
223
223
228
228
228
228
228
219
219
219
219
219
219
226
226
226
226
226
225
225
225
225
225
224
224
224
224
224
224
222
222
222
222
222
214
214
214
214
214
219
219
219
219
219
219
218
218
218
218
218
221
221
221
221
221
215
215
215
215
215
215
209
209
209
209
209
220
220
220
220
220
214
214
214
214
214
214
224
224
224
224
224
218
218
218
218
218
211
211
211
211
211
211
216
216
216
216
216
216
216
216
216
216
218
218
218
218
218
218
213
213
213
213
213
217
217
217
217
217
206
206
206
206
206
206
214
214
214
214
214
210
210
210
210
210
216
216
216
216
216
216
217
217
217
217
217
218
218
218
218
218
212
212
212
212
212
212
218
218
218
218
218
217
217
217
217
217
214
214
214
214
214
214
212
212
212
212
212
206
206
206
206
206
214
214
214
214
214
214
212
212
212
212
212
207
207
207
207
207
212
212
212
212
212
212
210
210
210
210
210
210
210
210
210
210
211
211
211
211
211
211
217
217
217
217
217
215
215
215
215
215
214
214
214
214
214
214
206
206
206
206
206
207
207
207
207
207
212
212
212
212
212
212
206
206
206
206
206
212
212
212
212
212
212
212
212
212
212
212
205
205
205
205
205
212
212
212
212
212
200
200
200
200
200
200
205
205
205
205
205
207
207
207
207
207
210
210
210
210
210
210
200
200
200
200
200
203
203
203
203
203
204
204
204
204
204
204
209
209
209
209
209
206
206
206
206
206
204
204
204
204
204
204
207
207
207
207
207
205
205
205
205
205
204
204
204
204
204
204
209
209
209
209
209
209
209
209
209
209
203
203
203
203
203
203
205
205
205
205
205
201
201
201
201
201
202
202
202
202
202
202
202
202
202
202
202
215
215
215
215
215
212
212
212
212
212
212
204
204
204
204
204
204
204
204
204
204
210
210
210
210
210
210
210
210
210
210
210
208
208
208
208
208
213
213
213
213
213
213
210
210
210
210
210
207
207
207
207
207
207
207
207
207
207
207
205
205
205
205
205
211
211
211
211
211
207
207
207
207
207
207
208
208
208
208
208
210
210
210
210
210
212
212
212
212
212
212
210
210
210
210
210
211
211
211
211
211
213
213
213
213
213
213
213
213
213
213
213
212
212
212
212
212
213
213
213
213
213
213
213
213
213
213
213
212
212
212
212
212
206
206
206
206
206
206
210
210
210
210
210
209
209
209
209
209
214
214
214
214
214
214
216
216
216
216
216
210
210
210
210
210
212
212
212
212
212
212
218
218
218
218
218
213
213
213
213
213
218
218
218
218
218
218
221
221
221
221
221
214
214
214
214
214
213
213
213
213
213
213
220
220
220
220
220
219
219
219
219
219
220
220
220
220
220
220
220
220
220
220
220
220
220
220
220
220
221
221
221
221
221
221
217
217
217
217
217
210
210
210
210
210
214
214
214
214
214
214
221
221
221
221
221
220
220
220
220
220
219
219
219
219
219
219
219
219
219
219
219
221
221
221
221
221
225
225
225
225
225
225
231
231
231
231
231
231
231
231
231
231
226
226
226
226
226
226
224
224
224
224
224
234
234
234
234
234
233
233
233
233
233
233
223
223
223
223
223
234
234
234
234
234
220
220
220
220
220
220
229
229
229
229
229
222
222
222
222
222
236
236
236
236
236
236
226
226
226
226
226
219
219
219
219
219
225
225
225
225
225
225
220
220
220
220
220
221
221
221
221
221
220