206
205
205
205
205
205
209
209
209
209
209
197
197
197
197
197
197
207
207
207
207
207
203
203
203
203
203
201
201
201
201
201
201
194
194
194
194
194
208
208
208
208
208
204
204
204
204
204
204
210
210
210
210
210
202
202
202
202
202
207
207
207
207
207
207
204
204
204
204
204
211
211
211
211
211
195
195
195
195
195
195
210
210
210
210
210
201
201
201
201
201
202
202
202
202
202
202
210
210
210
210
210
203
203
203
203
203
208
208
208
208
208
208
215
215
215
215
215
206
206
206
206
206
209
209
209
209
209
209
200
200
200
200
200
218
218
218
218
218
212
212
212
212
212
212
209
209
209
209
209
203
203
203
203
203
214
214
214
214
214
214
218
218
218
218
218
212
212
212
212
212
204
204
204
204
204
204
214
214
214
214
214
206
206
206
206
206
207
207
207
207
207
207
198
198
198
198
198
199
199
199
199
199
206
206
206
206
206
206
208
208
208
208
208
202
202
202
202
202
202
202
202
202
202
202
201
201
201
201
201
200
200
200
200
200
200
200
200
200
200
200
210
210
210
210
210
209
209
209
209
209
227
227
227
227
227
227
230
230
230
230
230
226
226
226
226
226
217
217
217
217
217
217
231
231
231
231
231
218
218
218
218
218
215
215
215
215
215
215
210
210
210
210
210
195
195
195
195
195
200
200
200
200
200
200
205
205
205
205
205
194
194
194
194
194
183
183
183
183
183
183
197
197
197
197
197
201
201
201
201
201
193
193
193
193
193
193
189
189
189
189
189
194
194
194
194
194
192
192
192
192
192
192
187
187
187
187
187
187
187
187
187
187
188
188
188
188
188
188
193
193
193
193
193
188
188
188
188
188
185
185
185
185
185
185
180
180
180
180
180
183
183
183
183
183
178
178
178
178
178
178
191
191
191
191
191
199
199
199
199
199
218
218
218
218
218
218
220
220
220
220
220
260
260
260
260
260
381
381
381
381
381
381
709
709
709
709
709
939
939
939
939
939
985
985
985
985
985
985
638
638
638
638
638
354
354
354
354
354
256
256
256
256
256
256
228
228
228
228
228
205
205
205
205
205
212
212
212
212
212
212
208
208
208
208
208
208
208
208
208
208
236
236
236
236
236
236
242
242
242
242
242
260
260
260
260
260
252
252
252
252
252
252
245
245
245
245
245
233
233
233
233
233
234
234
234
234
234
234
218
218
218
218
218
216
216
216
216
216
197
197
197
197
197
197
190
190
190
190
190
201
201
201
201
201
186
186
186
186
186
186
191
191
191
191
191
195
195
195
195
195
196
196
196
196
196
196
195
195
195
195
195
204
204
204
204
204
201
201
201
201
201
201
207
207
207
207
207
221
221
221
221
221
251
251
251
251
251
251
268
268
268
268
268
303
303
303
303
303
327
327
327
327
327
327
303
303
303
303
303
335
335
335
335
335
290
290
290
290
290
290
265
265
265
265
265
240
240
240
240
240
220
220
220
220
220
220
205
205
205
205
205
197
197
197
197
197
189
189
189
189
189
189
189
189
189
189
189
183
183
183
183
183
186
186
186
186
186
186
209
209
209
209
209
206
206
206
206
206
241
241
241
241
241
241
360
360
360
360
360
896
896
896
896
896
1768
1768
1768
1768
1768
1768
2376
2376
2376
2376
2376
2874
2874
2874
2874
2874
3031
3031
3031
3031
3031
3031
3073
3073
3073
3073
3073
2891
2891
2891
2891
2891
2614
2614
2614
2614
2614
2614
2379
2379
2379
2379
2379
2093
2093
2093
2093
2093
1818
1818
1818
1818
1818
1818
1671
1671
1671
1671
1671
1512
1512
1512
1512
1512
1401
1401
1401
1401
1401
1401
1308
1308
1308
1308
1308
1216
1216
1216
1216
1216
1162
1162
1162
1162
1162
1162
1001
1001
1001
1001
1001
897
897
897
897
897
756
756
756
756
756
756
517
517
517
517
517
382
382
382
382
382
314
314
314
314
314
314
271
271
271
271
271
253
253
253
253
253
254
254
254
254
254
254
239
239
239
239
239
249
249
249
249
249
249
249
249
249
249
249
252
252
252
252
252
265
265
265
265
265
245
245
245
245
245
245
265
265
265
265
265
242
242
242
242
242
255
255
255
255
255
255
238
238
238
238
238
241
241
241
241
241
264
264
264
264
264
264
260
260
260
260
260
268
268
268
268
268
315
315
315
315
315
315
346
346
346
346
346
461
461
461
461
461
559
559
559
559
559
559
687
687
687
687
687
792
792
792
792
792
938
938
938
938
938
938
1040
1040
1040
1040
1040
1120
1120
1120
1120
1120
1229
1229
1229
1229
1229
1229
1443
1443
1443
1443
1443
1663
1663
1663
1663
1663
1854
1854
1854
1854
1854
1854
2039
2039
2039
2039
2039
2178
2178
2178
2178
2178
2216
2216
2216
2216
2216
2216
2127
2127
2127
2127
2127
1961
1961
1961
1961
1961
1679
1679
1679
1679
1679
1679
1310
1310
1310
1310
1310
972
972
972
972
972
663
663
663
663
663
663
481
481
481
481
481
403
403
403
403
403
373
373
373
373
373
373
395
395
395
395
395
558
558
558
558
558
806
806
806
806
806
806
1130
1130
1130
1130
1130
1577
1577
1577
1577
1577
1964
1964
1964
1964
1964
1964
2191
2191
2191
2191
2191
2163
2163
2163
2163
2163
1911
1911
1911
1911
1911
1911
1440
1440
1440
1440
1440
876
876
876
876
876
477
477
477
477
477
477
301
301
301
301
301
246
246
246
246
246
232
232
232
232
232
232
219
219
219
219
219
226
226
226
226
226
223
223
223
223
223
223
223
223
223
223
223
220
220
220
220
220
233
233
233
233
233
233
224
224
224
224
224
238
238
238
238
238
239
239
239
239
239
239
240
240
240
240
240
257
257
257
257
257
269
269
269
269
269
269
275
275
275
275
275
291
291
291
291
291
295
295
295
295
295
295
320
320
320
320
320
309
309
309
309
309
287
287
287
287
287
287
277
277
277
277
277
244
244
244
244
244
237
237
237
237
237
237
245
245
245
245
245
250
250
250
250
250
267
267
267
267
267
267
272
272
272
272
272
299
299
299
299
299
301
301
301
301
301
301
345
345
345
345
345
312
312
312
312
312
332
332
332
332
332
332
254
254
254
254
254
246
246
246
246
246
236
236
236
236
236
236
229
229
229
229
229
217
217
217
217
217
213
213
213
213
213
213
215
215
215
215
215
224
224
224
224
224
217
217
217
217
217
217
222
222
222
222
222
237
237
237
237
237
233
233
233
233
233
233
232
232
232
232
232
238
238
238
238
238
238
238
238
238
238
238
220
220
220
220
220
214
214
214
214
214
223
223
223
223
223
223
210
210
210
210
210
206
206
206
206
206
208
208
208
208
208
208
208
208
208
208
208
205
205
205
205
205
205
205
205
205
205
205
196
196
196
196
196
209
209
209
209
209
200
200
200
200
200
200
198
198
198
198
198
200
200
200
200
200
208
208
208
208
208
208
204
204
204
204
204
203
203
203
203
203
204
204
204
204
204
204
195
195
195
195
195
195
195
195
195
195
211
211
211
211
211
211
199
199
199
199
199
201
201
201
201
201
199
199
199
199
199
199
197
197
197
197
197
197
197
197
197
197
188
188
188
188
188
188
196
196
196
196
196
194
194
194
194
194
194
194
194
194
194
194
196
196
196
196
196
196
196
196
196
196
209
209
209
209
209
209
204
204
204
204
204
201
201
201
201
201
203
203
203
203
203
203
197
197
197
197
197
202
202
202
202
202
196
196
196
196
196
196
193
193
193
193
193
199
199
199
199
199
192
192
192
192
192
192
192
192
192
192
192
196
196
196
196
196
196
196
196
196
196
196
192
192
192
192
192
191
191
191
191
191
193
193
193
193
193
193
191
191
191
191
191
191
191
191
191
191
189
189
189
189
189
189
195
195
195
195
195
188
188
188
188
188
197
197
197
197
197
197
189
189
189
189
189
193
193
193
193
193
189
189
189
189
189
189
187
187
187
187
187
194
194
194
194
194
188
188
188
188
188
188
196
196
196
196
196
190
190
190
190
190
193
193
193
193
193
193
184
184
184
184
184
182
182
182
182
182
185
185
185
185
185
185
186
186
186
186
186
181
181
181
181
181
186
186
186
186
186
186
181
181
181
181
181
190
190
190
190
190
187
187
187
187
187
187
190
190
190
190
190
197
197
197
197
197
191
191
191
191
191
191
195
195
195
195
195
190
190
190
190
190
187
187
187
187
187
187
189
189
189
189
189
184
184
184
184
184
184
184
184
184
184
184
185
185
185
185
185
182
182
182
182
182
185
185
185
185
185
185
187
187
187
187
187
189
189
189
189
189
189
189
189
189
189
189
185
185
185
185
185
185
185
185
185
185
188
188
188
188
188
188
191
191
191
191
191
188
188
188
188
188
182
182
182
182
182
182
188
188
188
188
188
182
182
182
182
182
191
191
191
191
191
191
187
187
187
187
187
192
192
192
192
192
190
190
190
190
190
190
193
193
193
193
193
189
189
189
189
189
194
194
194
194
194
194
194
194
194
194
194
192
192
192
192
192
193
193
193
193
193
193
194
194
194
194
194
191
191
191
191
191
189
189
189
189
189
189
185
185
185
185
185
185
185
185
185
185
185
185
185
185
185
185
188
188
188
188
188
186
186
186
186
186
183
183
183
183
183
183
196
196
196
196
196
191
191
191
191
191
192
192
192
192
192
192
191
191
191
191
191
198
198
198
198
198
196
196
196
196
196
196
193
193
193
193
193
197
197
197
197
197
195
195
195
195
195
195
197
197
197
197
197
192
192
192
192
192
199
199
199
199
199
199
196
196
196
196
196
196
196
196
196
196
196
196
196
196
196
196
193
193
193
193
193
195
195
195
195
195
197
197
197
197
197
197
197
197
197
197
197
195
195
195
195
195
197
197
197
197
197
197
198
198
198
198
198
193
193
193
193
193
198
198
198
198
198
198
188
188
188
188
188
197
197
197
197
197
196
196
196
196
196
196
196
196
196
196
196
199
199
199
199
199
196
196
196
196
196
196
197
197
197
197
197
205
205
205
205
205
201
201
201
201
201
201
202
202
202
202
202
197
197
197
197
197
199
199
199
199
199
199
195
195
195
195
195
197
197
197
197
197
196
196
196
196
196
196
196
196
196
196
196
194
194
194
194
194
199
199
199
199
199
199
201
201
201
201
201
204
204
204
204
204
203
203
203
203
203
203
209
209
209
209
209
203
203
203
203
203
207
207
207
207
207
207
201
201
201
201
201
210
210
210
210
210
206
206
206
206
206
206
203
203
203
203
203
203
203
203
203
203
207
207
207
207
207
207
207
207
207
207
207
204
204
204
204
204
212
212
212
212
212
212
206
206
206
206
206
207
207
207
207
207
210
210
210
210
210
210
204
204
204
204
204
205
205
205
205
205
214
214
214
214
214
214
216
216
216
216
216
205
205
205
205
205
209
209
209
209
209
209
209
209
209
209
209
211
211
211
211
211
215
215
215
215
215
215
209
209
209
209
209
210
210
210
210
210
210
210
210
210
210
210
199
199
199
199
199
214
214
214
214
214
212
212
212
212
212
212
218
218
218
218
218
207
207
207
207
207
210
210
210
210
210
210
212
212
212
212
212
213
213
213
213
213
215
215
215
215
215
215
210
210
210
210
210
208
208
208
208
208
211
211
211
211
211
211
221
221
221
221
221
201
201
201
201
201
201
201
201
201
201
201
206
206
206
206
206
210
210
210
210
210
206
206
206
206
206
206
219
219
219
219
219
210
210
210
210
210
203
203
203
203
203
203
226
226
226
226
226
219
219
219
219
219
223
223
223
223
223
223
215
215
215
215
215
221
221
221
221
221
222
222
222
222
222
222
223
223
223
223
223
214
214
214
214
214
222
222
222
222
222
222
224
224
224
224
224
230
230
230
230
230
230
230
230
230
230
230
224
224
224
224
224
214
214
214
214
214
225
225
225
225
225
225
219
219
219
219
219
224
224
224
224
224
229
229
229
229
229
229
224
224
224
224
224
225
225
225
225
225
241
241
241
241
241
241
232
232
232
232
232
233
233
233
233
233
240
240
240
240
240
240
252
252
252
252
252
249
249
249
249
249
247
247
247
247
247
247
245
245
245
245
245
252
252
252
252
252
247
247
247
247
247
247
237
237
237
237
237
237
237
237
237
237
235
235
235
235
235
235
231
231
231
231
231
216
216
216
216
216
221
221
221
221
221
221
230
230
230
230
230
228
228
228
228
228
246
246
246
246
246
246
237
237
237
237
237
252
252
252
252
252
245
245
245
245
245
245
263
263
263
263
263
263
263
263
263
263
254
254
254
254
254
254
248
248
248
248
248
253
253
253
253
253
242
242
242
242
242
242
232
232
232
232
232
219
219
219
219
219
220
220
220
220
220
220
235
235
235
235
235
231
231
231
231
231
235
235
235
235
235
235
224
224
224
224
224
221
221
221
221
221
242
242
242
242
242
242
239
239
239
239
239
241
241
241
241
241
248
248
248
248
248
248
251
251
251
251
251
243
243
243
243
243
247
247
247
247
247
247
236
236
236
236
236
248
248
248
248
248
234
234
234
234
234
234
242
242
242
242
242
242
242
242
242
242
247
247
247
247
247
247
251
251
251
251
251
262
262
262
262
262
245
245
245
245
245
245
248
248
248
248
248
233
233
233
233
233
230
230
230
230
230
230
243
243
243
243
243
240
240
240
240
240
237
237
237
237
237
237
244
244
244
244
244
239
239
239
239
239
253
253
253
253
253
253
237
237
237
237
237
252
252
252
252
252
268
268
268
268
268
268
260
260
260
260
260
266
266
266
266
266
262
262
262
262
262
262
265
265
265
265
265
250
250
250
250
250
260
260
260
260
260
260
248
248
248
248
248
235
235
235
235
235
249
249
249
249
249
249
233
233
233
233
233
239
239
239
239
239
235
235
235
235
235
235
240
240
240
240
240
235
235
235
235
235
254
254
254
254
254
254
237
237
237
237
237
263
263
263
263
263
253
253
253
253
253
253
267
267
267
267
267
265
265
265
265
265
254
254
254
254
254
254
266
266
266
266
266
253
253
253
253
253
248
248
248
248
248
248
226
226
226
226
226
246
246
246
246
246
222
222
222
222
222
222
239
239
239
239
239
225
225
225
225
225
228
228
228
228
228
228
238
238
238
238
238
240
240
240
240
240
234
234
234
234
234
234
243
243
243
243
243
284
284
284
284
284
250
250
250
250
250
250
272
272
272
272
272
243
243
243
243
243
256
256
256
256
256
256
248
248
248
248
248
246
246
246
246
246
240
240
240
240
240
240
237
237
237
237
237
232
232
232
232
232
235
235
235
235
235
235
222
222
222
222
222
237
237
237
237
237
252
252
252
252
252
252
226
226
226
226
226
248
248
248
248
248
247
247
247
247
247
247
243
243
243
243
243
247
247
247
247
247
228
228
228
228
228
228
230
230
230
230
230
234
234
234
234
234
220
220
220
220
220
220
223
223
223
223
223
217
217
217
217
217
229
229
229
229
229
229
231
231
231
231
231
237
237
237
237
237
226
226
226
226
226
226
224
224
224
224
224
240
240
240
240
240
230
230
230
230
230
230
216
216
216
216
216
230
230
230
230
230
222
222
222
222
222
222
217
217
217
217
217
213
213
213
213
213
215
215
215
215
215
215
214
214
214
214
214
201
201
201
201
201
220
220
220
220
220
220
215
215
215
215
215
204
204
204
204
204
208
208
208
208
208
208
223
223
223
223
223
212
212
212
212
212
218
218
218
218
218
218
222
222
222
222
222
219
219
219
219
219
214
214
214
214
214
214
222
222
222
222
222
221
221
221
221
221
202
202
202
202
202
202
220
220
220
220
220
204
204
204
204
204
218
218
218
218
218
218
212
212
212
212
212
217
217
217
217
217
214
214
214
214
214
214
211
211
211
211
211
206
206
206
206
206
230
230
230
230
230
230
214
214
214
214
214
220
220
220
220
220
213
213
213
213
213
213
227
227
227
227
227
208
208
208
208
208
215
215
215
215
215
215
211
211
211
211
211
209
209
209
209
209
220
220
220
220
220
220
212
212
212
212
212
219
219
219
219
219
211
211
211
211
211
211
219
219
219
219
219
209
209
209
209
209
218
218
218
218
218
218
220
220
220
220
220
218
218
218
218
218
214
214
214
214
214
214
222
222
222
222
222
199
199
199
199
199
214
214
214
214
214
214
212
212
212
212
212
208
208
208
208
208
215
215
215
215
215
215
210
210
210
210
210
203
203
203
203
203
210
210
210
210
210
210
197
197
197
197
197
210
210
210
210
210
205
205
205
205
205
205
209
209
209
209
209
204
204
204
204
204
202
202
202
202
202
202
201
201
201
201
201
198
198
198
198
198
188
188
188
188
188
188
200
200
200
200
200
201
201
201
201
201
209
209
209
209
209
209
207
207
207
207
207
207
207
207
207
207
209
209
209
209
209
209
204
204
204
204
204
204
204
204
204
204
206
206
206
206
206
206
211
211
211
211
211
197
197
197
197
197
206
206
206
206
206
206
210
210
210
210
210
193
193
193
193
193
203
203
203
203
203
203
204
204
204
204
204
202
202
202
202
202
193
193
193
193
193
193
207
207
207
207
207
201
201
201
201
201
199
199
199
199
199
199
205
205
205
205
205
203
203
203
203
203
198
198
198
198
198
198
201
201
201
201
201
203
203
203
203
203
207
207
207
207
207
207
211
211
211
211
211
209
209
209
209
209
201
201
201
201
201
201
200
200
200
200
200
204
204
204
204
204
215
215
215
215
215
215
198
198
198
198
198
199
199
199
199
199
198
198
198
198
198
198
213
213
213
213
213
198
198
198
198
198
201
201
201
201
201
201
205
205
205
205
205
199
199
199
199
199
210
210
210
210
210
210
197
197
197
197
197
204
204
204
204
204
200
200
200
200
200
200
203
203
203
203
203
206
206
206
206
206
204
204
204
204
204
204
207
207
207
207
207
211
211
211
211
211
203
203
203
203
203
203
203
203
203
203
203
212
212
212
212
212
190
190
190
190
190
190
207
207
207
207
207
214
214
214
214
214
213
213
213
213
213
213
212
212
212
212
212
209
209
209
209
209
207
207
207
207
207
207
209
209
209
209
209
210
210
210
210
210
213
213
213
213
213
213
200
200
200
200
200
202
202
202
202
202
206
206
206
206
206
206
209
209
209
209
209
208
208
208
208
208
203
203
203
203
203
203
209
209
209
209
209
208
208
208
208
208
191
191
191
191
191
191
213
213
213
213
213
216
216
216
216
216
206
206
206
206
206
206
216
216
216
216
216
216
216
216
216
216
202
202
202
202
202
202
207
207
207
207
207
201
201
201
201
201
204
204
204
204
204
204
204
204
204
204
204
199
199
199
199
199
201
201
201
201
201
201
205
205
205
205
205
202
202
202
202
202
209
209
209
209
209
209
199
199
199
199
199
209
209
209
209
209
212
212
212
212
212
212
208
208
208
208
208
213
213
213
213
213
217
217
217
217
217
217
211
211
211
211
211
205
205
205
205
205
207
207
207
207
207
207
203
203
203
203
203
202
202
202
202
202
204
204
204
204
204
204
195
195
195
195
195
202
202
202
202
202
200
200
200
200
200
200
216
216
216
216
216
204
204
204
204
204
209
209
209
209
209
209
214
214
214
214
214
218
218
218
218
218
206
206
206
206
206
206
209
209
209
209
209
216
216
216
216
216
196
196
196
196
196
196
212
212
212
212
212
208
208
208
208
208
199
199
199
199
199
199
203
203
203
203
203
217
217
217
217
217
213
213
213
213
213
213
202
202
202
202
202
208
208
208
208
208
209
209
209
209
209
209
208
208
208
208
208
212
212
212
212
212
205
205
205
205
205
205
208
208
208
208
208
211
211
211
211
211
197
197
197
197
197
197
198
198
198
198
198
207
207
207
207
207
202
202
202
202
202
202
216
216
216
216
216
213
213
213
213
213
207
207
207
207
207
207
214
214
214
214
214
210
210
210
210
210
204
204
204
204
204
204
198
198
198
198
198
205
205
205
205
205
202
202
202
202
202
202
205
205
205
205
205
199
199
199
199
199
204
204
204
204
204
204
202
202
202
202
202
202
202
202
202
202
196
196
196
196
196
196
196
196
196
196
196
204
204
204
204
204
201
201
201
201
201
201
211
211
211
211
211
206
206
206
206
206
189
189
189
189
189
189
207
207
207
207
207
204
204
204
204
204
203
203
203
203
203
203
201
201
201
201
201
203
203
203
203
203
205
205
205
205
205
205
208
208
208
208
208
204
204
204
204
204
204
204
204
204
204
204
211
211
211
211
211
206
206
206
206
206
211
211
211
211
211
211
209
209
209
209
209
205
205
205
205
205
218
218
218
218
218
218
205
205
205
205
205
207
207
207
207
207
206
206
206
206
206
206
207
207
207
207
207
210
210
210
210
210
203
203
203
203
203
203
216
216
216
216
216
207
207
207
207
207
201
201
201
201
201
201
217
217
217
217
217
210
210
210
210
210
213
213
213
213
213
213
208
208
208
208
208
208
208
208
208
208
210
210
210
210
210
210
217
217
217
217
217
217
217
217
217
217
205
205
205
205
205
205
209
209
209
209
209
204
204
204
204
204
213
213
213
213
213
213
212
212
212
212
212
210
210
210
210
210
219
219
219
219
219
219
208
208
208
208
208
208
208
208
208
208
202
202
202
202
202
202
209
209
209
209
209
204
204
204
204
204
203
203
203
203
203
203
207
207
207
207
207
206
206
206
206
206
222
222
222
222
222
222
215
215
215
215
215
223
223
223
223
223
215
215
215
215
215
215
211
211
211
211
211
235
235
235
235
235
213
213
213
213
213
213
224
224
224
224
224
209
209
209
209
209
212
212
212
212
212
212
222
222
222
222
222
213
213
213
213
213
216
216
216
216
216
216
202
202
202
202
202
211
211
211
211
211
215
215
215
215
215
215
207
207
207
207
207
234
234
234
234
234
223
223
223
223
223
223
216
216
216
216
216
229
229
229
229
229
223
223
223
223
223
223
220
220
220
220
220
216
216
216
216
216
223
223
223
223
223
223
215
215
215
215
215
219
219
219
219
219
235
235
235
235
235
235
223
223
223
223
223
229
229
229
229
229
221
221
221
221
221
221
229
229
229
229
229
215
215
215
215
215
223
223
223
223
223
223
224
224
224
224
224
216
216
216
216
216
225
225
225
225
225
225
223
223
223
223
223
226
226
226
226
226
218
218
218
218
218
218
232
232
232
232
232
227
227
227
227
227
212
212
212
212
212
212
216
216
216
216
216
213
213
213
213
213
211
211
211
211
211
211
221
221
221
221
221
226
226
226
226
226
226
226
226
226
226
226
219
219
219
219
219
235
235
235
235
235
222
222
222
222
222
222
221
221
221
221
221
230
230
230
230
230
222
222
222
222
222
222
224
224
224
224
224
229
229
229
229
229
231
231
231
231
231
231
227
227
227
227
227
244