194
194
196
196
196
196
196
194
194
194
194
194
194
194
194
194
194
194
193
193
193
193
193
191
191
191
191
191
190
190
190
190
190
190
194
194
194
194
194
189
189
189
189
189
194
194
194
194
194
194
195
195
195
195
195
199
199
199
199
199
194
194
194
194
194
194
189
189
189
189
189
189
189
189
189
189
189
189
189
189
189
189
196
196
196
196
196
190
190
190
190
190
190
190
190
190
190
190
189
189
189
189
189
197
197
197
197
197
190
190
190
190
190
190
194
194
194
194
194
196
196
196
196
196
190
190
190
190
190
190
192
192
192
192
192
197
197
197
197
197
194
194
194
194
194
194
189
189
189
189
189
193
193
193
193
193
198
198
198
198
198
198
197
197
197
197
197
197
197
197
197
197
200
200
200
200
200
200
199
199
199
199
199
205
205
205
205
205
205
205
205
205
205
205
206
206
206
206
206
204
204
204
204
204
212
212
212
212
212
212
215
215
215
215
215
213
213
213
213
213
209
209
209
209
209
209
217
217
217
217
217
205
205
205
205
205
206
206
206
206
206
206
208
208
208
208
208
210
210
210
210
210
206
206
206
206
206
206
210
210
210
210
210
208
208
208
208
208
207
207
207
207
207
207
214
214
214
214
214
209
209
209
209
209
210
210
210
210
210
210
216
216
216
216
216
224
224
224
224
224
229
229
229
229
229
229
233
233
233
233
233
240
240
240
240
240
249
249
249
249
249
249
244
244
244
244
244
248
248
248
248
248
242
242
242
242
242
242
261
261
261
261
261
272
272
272
272
272
295
295
295
295
295
295
339
339
339
339
339
430
430
430
430
430
635
635
635
635
635
635
1004
1004
1004
1004
1004
1382
1382
1382
1382
1382
1794
1794
1794
1794
1794
1794
2200
2200
2200
2200
2200
2606
2606
2606
2606
2606
2948
2948
2948
2948
2948
2948
3345
3345
3345
3345
3345
3620
3620
3620
3620
3620
3931
3931
3931
3931
3931
3931
4095
4095
4095
4095
4095
4095
4095
4095
4095
4095
4095
4095
4095
4095
4095
4095
4095
4095
4095
4095
4095
4095
4095
4095
4095
4095
4095
4095
4095
4095
4095
4095
4095
4095
4095
4095
4095
4095
4095
4095
4095
4095
4095
4095
4095
4095
4095
4095
4095
4095
4095
4095
4095
4095
4095
4095
4095
4095
4005
4005
4005
4005
4005
4005
3692
3692
3692
3692
3692
3415
3415
3415
3415
3415
3025
3025
3025
3025
3025
3025
2601
2601
2601
2601
2601
2245
2245
2245
2245
2245
1865
1865
1865
1865
1865
1865
1516
1516
1516
1516
1516
1287
1287
1287
1287
1287
1087
1087
1087
1087
1087
1087
963
963
963
963
963
890
890
890
890
890
792
792
792
792
792
792
704
704
704
704
704
578
578
578
578
578
474
474
474
474
474
474
364
364
364
364
364
309
309
309
309
309
264
264
264
264
264
264
244
244
244
244
244
246
246
246
246
246
223
223
223
223
223
223
228
228
228
228
228
220
220
220
220
220
218
218
218
218
218
218
216
216
216
216
216
206
206
206
206
206
206
206
206
206
206
206
204
204
204
204
204
199
199
199
199
199
198
198
198
198
198
198
198
198
198
198
198
193
193
193
193
193
196
196
196
196
196
196
198
198
198
198
198
195
195
195
195
195
200
200
200
200
200
200
197
197
197
197
197
210
210
210
210
210
218
218
218
218
218
218
231
231
231
231
231
235
235
235
235
235
257
257
257
257
257
257
261
261
261
261
261
266
266
266
266
266
273
273
273
273
273
273
274
274
274
274
274
262
262
262
262
262
260
260
260
260
260
260
253
253
253
253
253
248
248
248
248
248
245
245
245
245
245
245
253
253
253
253
253
269
269
269
269
269
247
247
247
247
247
247
277
277
277
277
277
272
272
272
272
272
304
304
304
304
304
304
319
319
319
319
319
350
350
350
350
350
369
369
369
369
369
369
384
384
384
384
384
371
371
371
371
371
383
383
383
383
383
383
344
344
344
344
344
326
326
326
326
326
298
298
298
298
298
298
277
277
277
277
277
268
268
268
268
268
271
271
271
271
271
271
254
254
254
254
254
269
269
269
269
269
258
258
258
258
258
258
259
259
259
259
259
260
260
260
260
260
257
257
257
257
257
257
245
245
245
245
245
236
236
236
236
236
226
226
226
226
226
226
221
221
221
221
221
217
217
217
217
217
216
216
216
216
216
216
207
207
207
207
207
201
201
201
201
201
204
204
204
204
204
204
206
206
206
206
206
200
200
200
200
200
204
204
204
204
204
204
201
201
201
201
201
200
200
200
200
200
196
196
196
196
196
196
190
190
190
190
190
191
191
191
191
191
188
188
188
188
188
188
186
186
186
186
186
184
184
184
184
184
186
186
186
186
186
186
185
185
185
185
185
184
184
184
184
184
182
182
182
182
182
182
184
184
184
184
184
183
183
183
183
183
180
180
180
180
180
180
185
185
185
185
185
181
181
181
181
181
179
179
179
179
179
179
182
182
182
182
182
190
190
190
190
190
178
178
178
178
178
178
178
178
178
178
178
179
179
179
179
179
184
184
184
184
184
184
179
179
179
179
179
176
176
176
176
176
172
172
172
172
172
172
175
175
175
175
175
175
175
175
175
175
180
180
180
180
180
180
179
179
179
179
179
177
177
177
177
177
177
177
177
177
177
177
180
180
180
180
180
182
182
182
182
182
183
183
183
183
183
183
189
189
189
189
189
181
181
181
181
181
187
187
187
187
187
187
178
178
178
178
178
186
186
186
186
186
184
184
184
184
184
184
189
189
189
189
189
185
185
185
185
185
185
185
185
185
185
185
186
186
186
186
186
180
180
180
180
180
179
179
179
179
179
179
186
186
186
186
186
184
184
184
184
184
187
187
187
187
187
187
182
182
182
182
182
187
187
187
187
187
191
191
191
191
191
191
193
193
193
193
193
189
189
189
189
189
185
185
185
185
185
185
188
188
188
188
188
189
189
189
189
189
191
191
191
191
191
191
188
188
188
188
188
190
190
190
190
190
184
184
184
184
184
184
193
193
193
193
193
193
193
193
193
193
195
195
195
195
195
195
189
189
189
189
189
189
189
189
189
189
189
189
189
189
189
189
188
188
188
188
188
191
191
191
191
191
189
189
189
189
189
189
185
185
185
185
185
185
185
185
185
185
185
185
185
185
185
185
180
180
180
180
180
184
184
184
184
184
182
182
182
182
182
182
190
190
190
190
190
189
189
189
189
189
183
183
183
183
183
183
184
184
184
184
184
182
182
182
182
182
179
179
179
179
179
179
184
184
184
184
184
184
184
184
184
184
187
187
187
187
187
187
185
185
185
185
185
183
183
183
183
183
186
186
186
186
186
186
189
189
189
189
189
183
183
183
183
183
185
185
185
185
185
185
184
184
184
184
184
180
180
180
180
180
187
187
187
187
187
187
191
191
191
191
191
185
185
185
185
185
191
191
191
191
191
191
189
189
189
189
189
190
190
190
190
190
186
186
186
186
186
186
190
190
190
190
190
189
189
189
189
189
191
191
191
191
191
191
189
189
189
189
189
191
191
191
191
191
188
188
188
188
188
188
189
189
189
189
189
189
189
189
189
189
186
186
186
186
186
186
185
185
185
185
185
186
186
186
186
186
188
188
188
188
188
188
193
193
193
193
193
192
192
192
192
192
191
191
191
191
191
191
183
183
183
183
183
187
187
187
187
187
192
192
192
192
192
192
189
189
189
189
189
195
195
195
195
195
187
187
187
187
187
187
189
189
189
189
189
186
186
186
186
186
192
192
192
192
192
192
191
191
191
191
191
190
190
190
190
190
190
190
190
190
190
190
186
186
186
186
186
196
196
196
196
196
192
192
192
192
192
192
198
198
198
198
198
201
201
201
201
201
200
200
200
200
200
200
192
192
192
192
192
205
205
205
205
205
202
202
202
202
202
202
198
198
198
198
198
204
204
204
204
204
195
195
195
195
195
195
206
206
206
206
206
208
208
208
208
208
207
207
207
207
207
207
209
209
209
209
209
211
211
211
211
211
213
213
213
213
213
213
219
219
219
219
219
218
218
218
218
218
222
222
222
222
222
222
223
223
223
223
223
215
215
215
215
215
228
228
228
228
228
228
226
226
226
226
226
222
222
222
222
222
230
230
230
230
230
230
229
229
229
229
229
228
228
228
228
228
229
229
229
229
229
229
225
225
225
225
225
230
230
230
230
230
222
222
222
222
222
222
227
227
227
227
227
222
222
222
222
222
222
222
222
222
222
222
224
224
224
224
224
217
217
217
217
217
226
226
226
226
226
226
220
220
220
220
220
231
231
231
231
231
225
225
225
225
225
225
228
228
228
228
228
225
225
225
225
225
218
218
218
218
218
218
213
213
213
213
213
219
219
219
219
219
211
211
211
211
211
211
214
214
214
214
214
216
216
216
216
216
212
212
212
212
212
212
209
209
209
209
209
205
205
205
205
205
210
210
210
210
210
210
210
210
210
210
210
202
202
202
202
202
211
211
211
211
211
211
218
218
218
218
218
215
215
215
215
215
219
219
219
219
219
219
213
213
213
213
213
212
212
212
212
212
216
216
216
216
216
216
212
212
212
212
212
213
213
213
213
213
222
222
222
222
222
222
213
213
213
213
213
217
217
217
217
217
211
211
211
211
211
211
214
214
214
214
214
219
219
219
219
219
222
222
222
222
222
222
213
213
213
213
213
209
209
209
209
209
218
218
218
218
218
218
217
217
217
217
217
220
220
220
220
220
216
216
216
216
216
216
220
220
220
220
220
219
219
219
219
219
219
219
219
219
219
219
224
224
224
224
224
217
217
217
217
217
225
225
225
225
225
225
215
215
215
215
215
218
218
218
218
218
223
223
223
223
223
223
218
218
218
218
218
228
228
228
228
228
222
222
222
222
222
222
223
223
223
223
223
228
228
228
228
228
227
227
227
227
227
227
219
219
219
219
219
226
226
226
226
226
215
215
215
215
215
215
226
226
226
226
226
224
224
224
224
224
220
220
220
220
220
220
223
223
223
223
223
222
222
222
222
222
230
230
230
230
230
230
232
232
232
232
232
234
234
234
234
234
242
242
242
242
242
242
244
244
244
244
244
239
239
239
239
239
242
242
242
242
242
242
243
243
243
243
243
254
254
254
254
254
240
240
240
240
240
240
247
247
247
247
247
254
254
254
254
254
256
256
256
256
256
256
247
247
247
247
247
249
249
249
249
249
265
265
265
265
265
265
272
272
272
272
272
261
261
261
261
261
263
263
263
263
263
263
278
278
278
278
278
272
272
272
272
272
263
263
263
263
263
263
261
261
261
261
261
261
261
261
261
261
270
270
270
270
270
270
276
276
276
276
276
271
271
271
271
271
273
273
273
273
273
273
270
270
270
270
270
281
281
281
281
281
266
266
266
266
266
266
279
279
279
279
279
268
268
268
268
268
282
282
282
282
282
282
271
271
271
271
271
270
270
270
270
270
262
262
262
262
262
262
257
257
257
257
257
261
261
261
261
261
268
268
268
268
268
268
273
273
273
273
273
264
264
264
264
264
263
263
263
263
263
263
272
272
272
272
272
266
266
266
266
266
267
267
267
267
267
267
263
263
263
263
263
264
264
264
264
264
253
253
253
253
253
253
260
260
260
260
260
254
254
254
254
254
265
265
265
265
265
265
251
251
251
251
251
265
265
265
265
265
270
270
270
270
270
270
277
277
277
277
277
282
282
282
282
282
284
284
284
284
284
284
285
285
285
285
285
282
282
282
282
282
282
282
282
282
282
282
282
282
282
282
282
267
267
267
267
267
278
278
278
278
278
278
274
274
274
274
274
291
291
291
291
291
286
286
286
286
286
286
289
289
289
289
289
306
306
306
306
306
333
333
333
333
333
333
339
339
339
339
339
333
333
333
333
333
366
366
366
366
366
366
356
356
356
356
356
369
369
369
369
369
348
348
348
348
348
348
354
354
354
354
354
336
336
336
336
336
312
312
312
312
312
312
315
315
315
315
315
317
317
317
317
317
333
333
333
333
333
333
310
310
310
310
310
323
323
323
323
323
330
330
330
330
330
330
325
325
325
325
325
328
328
328
328
328
318
318
318
318
318
318
339
339
339
339
339
310
310
310
310
310
302
302
302
302
302
302
293
293
293
293
293
295
295
295
295
295
282
282
282
282
282
282
274
274
274
274
274
267
267
267
267
267
265
265
265
265
265
265
255
255
255
255
255
270
270
270
270
270
250
250
250
250
250
250
259
259
259
259
259
255
255
255
255
255
250
250
250
250
250
250
242
242
242
242
242
241
241
241
241
241
235
235
235
235
235
235
238
238
238
238
238
233
233
233
233
233
232
232
232
232
232
232
240
240
240
240
240
214
214
214
214
214
225
225
225
225
225
225
230
230
230
230
230
223
223
223
223
223
220
220
220
220
220
220
215
215
215
215
215
217
217
217
217
217
224
224
224
224
224
224
214
214
214
214
214
217
217
217
217
217
216
216
216
216
216
216
203
203
203
203
203
208
208
208
208
208
215
215
215
215
215
215
202
202
202
202
202
207
207
207
207
207
201
201
201
201
201
201
205
205
205
205
205
201
201
201
201
201
208
208
208
208
208
208
201
201
201
201
201
201
201
201
201
201
208
208
208
208
208
208
203
203
203
203
203
204
204
204
204
204
201
201
201
201
201
201
207
207
207
207
207
198
198
198
198
198
206
206
206
206
206
206
207
207
207
207
207
204
204
204
204
204
204
204
204
204
204
204
202
202
202
202
202
195
195
195
195
195
191
191
191
191
191
191
198
198
198
198
198
198
198
198
198
198
198
198
198
198
198
198
206
206
206
206
206
195
195
195
195
195
193
193
193
193
193
193
191
191
191
191
191
191
191
191
191
191
193
193
193
193
193
193
190
190
190
190
190
187
187
187
187
187
194
194
194
194
194
194
189
189
189
189
189
194
194
194
194
194
188
188
188
188
188
188
185
185
185
185
185
183
183
183
183
183
185
185
185
185
185
185
188
188
188
188
188
183
183
183
183
183
188
188
188
188
188
188
186
186
186
186
186
184
184
184
184
184
188
188
188
188
188
188
189
189
189
189
189
186
186
186
186
186
183
183
183
183
183
183
184
184
184
184
184
176
176
176
176
176
187
187
187
187
187
187
186
186
186
186
186
189
189
189
189
189
191
191
191
191
191
191
184
184
184
184
184
186
186
186
186
186
182
182
182
182
182
182
181
181
181
181
181
180
180
180
180
180
182
182
182
182
182
182
184
184
184
184
184
180
180
180
180
180
187
187
187
187
187
187
186
186
186
186
186
187
187
187
187
187
187
187
187
187
187
187
191
191
191
191
191
189
189
189
189
189
186
186
186
186
186
186
186
186
186
186
186
192
192
192
192
192
182
182
182
182
182
182
187
187
187
187
187
188
188
188
188
188
188
188
188
188
188
188
192
192
192
192
192
193
193
193
193
193
192
192
192
192
192
192
194
194
194
194
194
184
184
184
184
184
185
185
185
185
185
185
197
197
197
197
197
190
190
190
190
190
198
198
198
198
198
198
188
188
188
188
188
191
191
191
191
191
191
191
191
191
191
191
195
195
195
195
195
196
196
196
196
196
187
187
187
187
187
187
203
203
203
203
203
197
197
197
197
197
198
198
198
198
198
198
198
198
198
198
198
198
198
198
198
198
196
196
196
196
196
196
196
196
196
196
196
196
196
196
196
196
195
195
195
195
195
195
200
200
200
200
200
205
205
205
205
205
208
208
208
208
208
208
197
197
197
197
197
196
196
196
196
196
198
198
198
198
198
198
203
203
203
203
203
198
198
198
198
198
200
200
200
200
200
200
208
208
208
208
208
196
196
196
196
196
197
197
197
197
197
197
213
213
213
213
213
194
194
194
194
194
205
205
205
205
205
205
204
204
204
204
204
212
212
212
212
212
197
197
197
197
197
197
208
208
208
208
208
213
213
213
213
213
215
215
215
215
215
215
205
205
205
205
205
207
207
207
207
207
211
211
211
211
211
211
206
206
206
206
206
209
209
209
209
209
208
208
208
208
208
208
210
210
210
210
210
209
209
209
209
209
213
213
213
213
213
213
211
211
211
211
211
212
212
212
212
212
211
211
211
211
211
211
217
217
217
217
217
207
207
207
207
207
215
215
215
215
215
215
213
213
213
213
213
217
217
217
217
217
218
218
218
218
218
218
223
223
223
223
223
216
216
216
216
216
219
219
219
219
219
219
222
222
222
222
222
217
217
217
217
217
223
223
223
223
223
223
222
222
222
222
222
223
223
223
223
223
224
224
224
224
224
224
232
232
232
232
232
222
222
222
222
222
221
221
221
221
221
221
232
232
232
232
232
233
233
233
233
233
236
236
236
236
236
236
228
228
228
228
228
233
233
233
233
233
231
231
231
231
231
231
239
239
239
239
239
231
231
231
231
231
227
227
227
227
227
227
239
239
239
239
239
236
236
236
236
236
239
239
239
239
239
239
227
227
227
227
227
239
239
239
239
239
240
240
240
240
240
240
243
243
243
243
243
240
240
240
240
240
242
242
242
242
242
242
240
240
240
240
240
246
246
246
246
246
243
243
243
243
243
243
240
240
240
240
240
245
245
245
245
245
235
235
235
235
235
235
249
249
249
249
249
234
234
234
234
234
225
225
225
225
225
225
241
241
241
241
241
232
232
232
232
232
237
237
237
237
237
237
230
230
230
230
230
219
219
219
219
219
225
225
225
225
225
225
231
231
231
231
231
226
226
226
226
226
223
223
223
223
223
223
228
228
228
228
228
227
227
227
227
227
232
232
232
232
232
232
229
229
229
229
229
233
233
233
233
233
233
233
233
233
233
233
219
219
219
219
219
222
222
222
222
222
231
231
231
231
231
231
222
222
222
222
222
225
225
225
225
225
220
220
220
220
220
220
240
240
240
240
240
222
222
222
222
222
220
220
220
220
220
220
216
216
216
216
216
222
222
222
222
222
222
222
222
222
222
222
214
214
214
214
214
218
218
218
218
218
217
217
217
217
217
217
223
223
223
223
223
219
219
219
219
219
222
222
222
222
222
222
213
213
213
213
213
212
212
212
212
212
215
215
215
215
215
215
214
214
214
214
214
218
218
218
218
218
217
217
217
217
217
217
217
217
217
217
217
215
215
215
215
215
205
205
205
205
205
205
216
216
216
216
216
213
213
213
213
213
213
213
213
213
213
213
217
217
217
217
217
210
210
210
210
210
214
214
214
214
214
214
217
217
217
217
217
214
214
214
214
214
217
217
217
217
217
217
214
214
214
214
214
211
211
211
211
211
212
212
212
212
212
212
216
216
216
216
216
214
214
214
214
214
221
221
221
221
221
221
220
220
220
220
220
221
221
221
221
221
217
217
217
217
217
217
220
220
220
220
220
223
223
223
223
223
220
220
220
220
220
220
220
220
220
220
220
220
220
220
220
220
224
224
224
224
224
224
221
221
221
221
221
213
213
213
213
213
224
224
224
224
224
224
218
218
218
218
218
214
214
214
214
214
215
215
215
215
215
215
224
224
224
224
224
223
223
223
223
223
217
217
217
217
217
217
221
221
221
221
221
219
219
219
219
219
229
229
229
229
229
229
221
221
221
221
221
229
229
229
229
229
226
226
226
226
226
226
213
213
213
213
213
221
221
221
221
221
222
222
222
222
222
222
215
215
215
215
215
217
217
217
217
217
218
218
218
218
218
218
216
216
216
216
216
221
221
221
221
221
217
217
217
217
217
217
218
218
218
218
218
221
221
221
221
221
219
219
219
219
219
219
221
221
221
221
221
212
212
212
212
212
213
213
213
213
213
213
216
216
216
216
216
218
218
218
218
218
211
211
211
211
211
211
216
216
216
216
216
212
212
212
212
212
211
211
211
211
211
211
209
209
209
209
209
218
218
218
218
218
219
219
219
219
219
219
227
227
227
227
227
215
215
215
215
215
224
224
224
224
224
224
211
211
211
211
211
216
216
216
216
216
214
214
214
214
214
214
215
215
215
215
215
213
213
213
213
213
217
217
217
217
217
217
213
213
213
213
213
213
213
213
213
213
203
203
203
203
203
203
211
211
211
211
211
210
210
210
210
210
214
214
214
214
214
214
219
219
219
219
219
217
217
217
217
217
222
222
222
222
222
222
212
212
212
212
212
210
210
210
210
210
216
216
216
216
216
216
213
213
213
213
213
217
217
217
217
217
214
214
214
214
214
214
210
210
210
210
210
210
210
210
210
210
216
216
216
216
216
216
218
218
218
218
218
214
214
214
214
214
213
213
213
213
213
213
221
221
221
221
221
218
218
218
218
218
222
222
222
222
222
222
220
220
220
220
220
221
221
221
221
221
214
214
214
214
214
214
218
218
218
218
218
222
222
222
222
222
216
216
216
216
216
216
223
223
223
223
223
212
212
212
212
212
214
214
214
214
214
214
217
217
217
217
217
222
222
222
222
222
217
217
217
217
217
217
210
210
210
210
210
224
224
224
224
224
220
220
220
220
220
220
219
219
219
219
219
221
221
221
221
221
218
218
218
218
218
218
219
219
219
219
219
219
219
219
219
219
217
217
217
217
217
217
220
220
220
220
220
225
225
225
225
225
209
209
209
209
209
209
221
221
221
221
221
219
219
219
219
219
210
210
210
210
210
210
218
218
218
218
218
223
223
223
223
223
224
224
224
224
224
224
222
222
222
222
222
221
221
221
221
221
215
215
215
215
215
215
218
218
218
218
218
220
220
220
220
220
220
220
220
220
220
220
219
219
219
219
219
209
209
209
209
209
214
214
214
214
214
214
219
219
219
219
219
219
219
219
219
219
218
218
218
218
218
218
216
216
216
216
216
230
230
230
230
230
224
224
224
224
224
224
221
221
221
221
221
214
214
214
214
214
215
215
215
215
215
215
220
220
220
220
220
219
219
219
219
219
224
224
224
224
224
224
217
217
217
217
217
212
212
212
212
212
221
221
221
221
221
221
216
216
216
216
216
221
221
221
221
221
220
220
220
220
220
220
232
232
232
232
232
222
222
222
222
222
215
215
215
215
215
215
217
217
217
217
217
209
209
209
209
209
216
216
216
216
216
216
215
215
215
215
215
215
215
215
215
215
216
216
216
216
216
216
224
224
224
224
224
215
215
215
215
215
211
211
211
211
211
211
224
224
224
224
224
208
208
208
208
208
212
212
212
212
212
212
214
214
214
214
214
211
211
211
211
211
212
212
212
212
212
212
216
216
216
216
216
212
212
212
212
212
215
215
215
215
215
215
213
213
213
213
213
214
214
214
214
214
216
216
216
216
216
216
211
211
211
211
211
209
209
209
209
209
212
212
212
212
212
212
215
215
215
215
215
205
205
205
205
205
211
211
211
211
211
211
211
211
211
211
211
207
207
207
207
207
212
212
212
212
212
212
208
208
208
208
208