210
210
206
206
206
206
206
206
206
206
206
206
206
214
214
214
214
214
214
214
214
214
214
214
221
221
221
221
221
209
209
209
209
209
212
212
212
212
212
212
214
214
214
214
214
212
212
212
212
212
205
205
205
205
205
205
215
215
215
215
215
208
208
208
208
208
221
221
221
221
221
221
207
207
207
207
207
212
212
212
212
212
216
216
216
216
216
216
216
216
216
216
216
219
219
219
219
219
207
207
207
207
207
207
213
213
213
213
213
214
214
214
214
214
215
215
215
215
215
215
217
217
217
217
217
217
217
217
217
217
214
214
214
214
214
214
206
206
206
206
206
217
217
217
217
217
214
214
214
214
214
214
213
213
213
213
213
213
213
213
213
213
217
217
217
217
217
217
216
216
216
216
216
210
210
210
210
210
213
213
213
213
213
213
210
210
210
210
210
211
211
211
211
211
210
210
210
210
210
210
219
219
219
219
219
207
207
207
207
207
220
220
220
220
220
220
210
210
210
210
210
219
219
219
219
219
211
211
211
211
211
211
212
212
212
212
212
215
215
215
215
215
210
210
210
210
210
210
208
208
208
208
208
216
216
216
216
216
209
209
209
209
209
209
224
224
224
224
224
219
219
219
219
219
212
212
212
212
212
212
222
222
222
222
222
216
216
216
216
216
218
218
218
218
218
218
212
212
212
212
212
220
220
220
220
220
211
211
211
211
211
211
214
214
214
214
214
214
214
214
214
214
214
214
214
214
214
214
211
211
211
211
211
216
216
216
216
216
216
216
216
216
216
216
211
211
211
211
211
210
210
210
210
210
219
219
219
219
219
219
209
209
209
209
209
211
211
211
211
211
206
206
206
206
206
206
214
214
214
214
214
213
213
213
213
213
205
205
205
205
205
205
207
207
207
207
207
213
213
213
213
213
217
217
217
217
217
217
214
214
214
214
214
217
217
217
217
217
212
212
212
212
212
212
207
207
207
207
207
212
212
212
212
212
210
210
210
210
210
210
207
207
207
207
207
214
214
214
214
214
216
216
216
216
216
216
209
209
209
209
209
213
213
213
213
213
206
206
206
206
206
206
207
207
207
207
207
210
210
210
210
210
210
210
210
210
210
210
217
217
217
217
217
214
214
214
214
214
215
215
215
215
215
215
210
210
210
210
210
212
212
212
212
212
212
212
212
212
212
212
214
214
214
214
214
210
210
210
210
210
207
207
207
207
207
207
211
211
211
211
211
208
208
208
208
208
212
212
212
212
212
212
210
210
210
210
210
215
215
215
215
215
215
215
215
215
215
215
207
207
207
207
207
214
214
214
214
214
216
216
216
216
216
216
216
216
216
216
216
210
210
210
210
210
208
208
208
208
208
208
208
208
208
208
208
213
213
213
213
213
210
210
210
210
210
210
212
212
212
212
212
215
215
215
215
215
207
207
207
207
207
207
211
211
211
211
211
204
204
204
204
204
204
204
204
204
204
204
212
212
212
212
212
212
212
212
212
212
208
208
208
208
208
208
210
210
210
210
210
213
213
213
213
213
211
211
211
211
211
211
219
219
219
219
219
207
207
207
207
207
214
214
214
214
214
214
202
202
202
202
202
206
206
206
206
206
208
208
208
208
208
208
214
214
214
214
214
211
211
211
211
211
204
204
204
204
204
204
214
214
214
214
214
205
205
205
205
205
210
210
210
210
210
210
209
209
209
209
209
209
209
209
209
209
208
208
208
208
208
208
210
210
210
210
210
208
208
208
208
208
205
205
205
205
205
205
202
202
202
202
202
199
199
199
199
199
211
211
211
211
211
211
207
207
207
207
207
220
220
220
220
220
207
207
207
207
207
207
218
218
218
218
218
222
222
222
222
222
221
221
221
221
221
221
225
225
225
225
225
222
222
222
222
222
224
224
224
224
224
224
215
215
215
215
215
217
217
217
217
217
221
221
221
221
221
221
221
221
221
221
221
208
208
208
208
208
204
204
204
204
204
204
206
206
206
206
206
209
209
209
209
209
208
208
208
208
208
208
210
210
210
210
210
209
209
209
209
209
214
214
214
214
214
214
209
209
209
209
209
207
207
207
207
207
214
214
214
214
214
214
210
210
210
210
210
215
215
215
215
215
219
219
219
219
219
219
209
209
209
209
209
211
211
211
211
211
208
208
208
208
208
208
214
214
214
214
214
214
214
214
214
214
209
209
209
209
209
209
216
216
216
216
216
213
213
213
213
213
215
215
215
215
215
215
214
214
214
214
214
207
207
207
207
207
219
219
219
219
219
219
208
208
208
208
208
210
210
210
210
210
215
215
215
215
215
215
208
208
208
208
208
215
215
215
215
215
216
216
216
216
216
216
215
215
215
215
215
209
209
209
209
209
209
209
209
209
209
209
214
214
214
214
214
211
211
211
211
211
210
210
210
210
210
210
212
212
212
212
212
225
225
225
225
225
210
210
210
210
210
210
227
227
227
227
227
223
223
223
223
223
219
219
219
219
219
219
216
216
216
216
216
219
219
219
219
219
212
212
212
212
212
212
215
215
215
215
215
218
218
218
218
218
211
211
211
211
211
211
209
209
209
209
209
211
211
211
211
211
204
204
204
204
204
204
199
199
199
199
199
213
213
213
213
213
218
218
218
218
218
218
213
213
213
213
213
208
208
208
208
208
212
212
212
212
212
212
215
215
215
215
215
209
209
209
209
209
213
213
213
213
213
213
212
212
212
212
212
209
209
209
209
209
209
209
209
209
209
209
215
215
215
215
215
220
220
220
220
220
210
210
210
210
210
210
206
206
206
206
206
210
210
210
210
210
216
216
216
216
216
216
219
219
219
219
219
220
220
220
220
220
222
222
222
222
222
222
208
208
208
208
208
208
208
208
208
208
215
215
215
215
215
215
211
211
211
211
211
218
218
218
218
218
219
219
219
219
219
219
225
225
225
225
225
228
228
228
228
228
214
214
214
214
214
214
217
217
217
217
217
216
216
216
216
216
214
214
214
214
214
214
230
230
230
230
230
212
212
212
212
212
211
211
211
211
211
211
217
217
217
217
217
230
230
230
230
230
224
224
224
224
224
224
223
223
223
223
223
217
217
217
217
217
216
216
216
216
216
216
219
219
219
219
219
215
215
215
215
215
213
213
213
213
213
213
213
213
213
213
213
211
211
211
211
211
208
208
208
208
208
208
202
202
202
202
202
205
205
205
205
205
201
201
201
201
201
201
205
205
205
205
205
198
198
198
198
198
206
206
206
206
206
206
197
197
197
197
197
195
195
195
195
195
194
194
194
194
194
194
197
197
197
197
197
188
188
188
188
188
197
197
197
197
197
197
205
205
205
205
205
195
195
195
195
195
201
201
201
201
201
201
200
200
200
200
200
208
208
208
208
208
193
193
193
193
193
193
199
199
199
199
199
194
194
194
194
194
186
186
186
186
186
186
185
185
185
185
185
179
179
179
179
179
184
184
184
184
184
184
178
178
178
178
178
182
182
182
182
182
188
188
188
188
188
188
190
190
190
190
190
206
206
206
206
206
213
213
213
213
213
213
264
264
264
264
264
524
524
524
524
524
1373
1373
1373
1373
1373
1373
2253
2253
2253
2253
2253
2931
2931
2931
2931
2931
3151
3151
3151
3151
3151
3151
2947
2947
2947
2947
2947
2357
2357
2357
2357
2357
1466
1466
1466
1466
1466
1466
534
534
534
534
534
263
263
263
263
263
217
217
217
217
217
217
200
200
200
200
200
195
195
195
195
195
195
195
195
195
195
195
207
207
207
207
207
228
228
228
228
228
308
308
308
308
308
308
926
926
926
926
926
2322
2322
2322
2322
2322
3600
3600
3600
3600
3600
3600
4095
4095
4095
4095
4095
4095
4095
4095
4095
4095
4095
4095
4095
4095
4095
4095
3363
3363
3363
3363
3363
2013
2013
2013
2013
2013
590
590
590
590
590
590
246
246
246
246
246
202
202
202
202
202
193
193
193
193
193
193
185
185
185
185
185
185
185
185
185
185
185
185
185
185
185
185
198
198
198
198
198
203
203
203
203
203
217
217
217
217
217
217
260
260
260
260
260
263
263
263
263
263
277
277
277
277
277
277
259
259
259
259
259
239
239
239
239
239
221
221
221
221
221
221
201
201
201
201
201
200
200
200
200
200
189
189
189
189
189
189
186
186
186
186
186
184
184
184
184
184
183
183
183
183
183
183
185
185
185
185
185
186
186
186
186
186
180
180
180
180
180
180
183
183
183
183
183
180
180
180
180
180
185
185
185
185
185
185
190
190
190
190
190
184
184
184
184
184
190
190
190
190
190
190
188
188
188
188
188
197
197
197
197
197
209
209
209
209
209
209
235
235
235
235
235
242
242
242
242
242
255
255
255
255
255
255
240
240
240
240
240
225
225
225
225
225
206
206
206
206
206
206
190
190
190
190
190
181
181
181
181
181
180
180
180
180
180
180
182
182
182
182
182
176
176
176
176
176
191
191
191
191
191
191
188
188
188
188
188
201
201
201
201
201
214
214
214
214
214
214
229
229
229
229
229
244
244
244
244
244
256
256
256
256
256
256
260
260
260
260
260
251
251
251
251
251
235
235
235
235
235
235
222
222
222
222
222
211
211
211
211
211
203
203
203
203
203
203
206
206
206
206
206
196
196
196
196
196
199
199
199
199
199
199
202
202
202
202
202
199
199
199
199
199
214
214
214
214
214
214
230
230
230
230
230
244
244
244
244
244
276
276
276
276
276
276
339
339
339
339
339
403
403
403
403
403
414
414
414
414
414
414
348
348
348
348
348
281
281
281
281
281
246
246
246
246
246
246
232
232
232
232
232
212
212
212
212
212
203
203
203
203
203
203
196
196
196
196
196
192
192
192
192
192
196
196
196
196
196
196
201
201
201
201
201
195
195
195
195
195
211
211
211
211
211
211
211
211
211
211
211
211
211
211
211
211
219
219
219
219
219
219
215
215
215
215
215
211
211
211
211
211
216
216
216
216
216
216
206
206
206
206
206
203
203
203
203
203
201
201
201
201
201
201
203
203
203
203
203
202
202
202
202
202
202
202
202
202
202
202
206
206
206
206
206
199
199
199
199
199
208
208
208
208
208
208
210
210
210
210
210
217
217
217
217
217
211
211
211
211
211
211
220
220
220
220
220
224
224
224
224
224
218
218
218
218
218
218
216
216
216
216
216
212
212
212
212
212
200
200
200
200
200
200
206
206
206
206
206
198
198
198
198
198
200
200
200
200
200
200
193
193
193
193
193
194
194
194
194
194
190
190
190
190
190
190
202
202
202
202
202
208
208
208
208
208
220
220
220
220
220
220
225
225
225
225
225
245
245
245
245
245
258
258
258
258
258
258
242
242
242
242
242
235
235
235
235
235
231
231
231
231
231
231
210
210
210
210
210
202
202
202
202
202
204
204
204
204
204
204
198
198
198
198
198
194
194
194
194
194
188
188
188
188
188
188
186
186
186
186
186
188
188
188
188
188
189
189
189
189
189
189
193
193
193
193
193
198
198
198
198
198
209
209
209
209
209
209
216
216
216
216
216
230
230
230
230
230
241
241
241
241
241
241
287
287
287
287
287
284
284
284
284
284
270
270
270
270
270
270
262
262
262
262
262
255
255
255
255
255
233
233
233
233
233
233
227
227
227
227
227
219
219
219
219
219
206
206
206
206
206
206
216
216
216
216
216
221
221
221
221
221
231
231
231
231
231
231
229
229
229
229
229
231
231
231
231
231
252
252
252
252
252
252
256
256
256
256
256
256
256
256
256
256
243
243
243
243
243
243
230
230
230
230
230
216
216
216
216
216
199
199
199
199
199
199
208
208
208
208
208
207
207
207
207
207
214
214
214
214
214
214
214
214
214
214
214
224
224
224
224
224
242
242
242
242
242
242
255
255
255
255
255
271
271
271
271
271
302
302
302
302
302
302
298
298
298
298
298
271
271
271
271
271
250
250
250
250
250
250
237
237
237
237
237
218
218
218
218
218
206
206
206
206
206
206
197
197
197
197
197
193
193
193
193
193
190
190
190
190
190
190
188
188
188
188
188
186
186
186
186
186
193
193
193
193
193
193
189
189
189
189
189
196
196
196
196
196
190
190
190
190
190
190
186
186
186
186
186
178
178
178
178
178
189
189
189
189
189
189
188
188
188
188
188
182
182
182
182
182
193
193
193
193
193
193
192
192
192
192
192
193
193
193
193
193
201
201
201
201
201
201
205
205
205
205
205
218
218
218
218
218
218
218
218
218
218
218
227
227
227
227
227
228
228
228
228
228
240
240
240
240
240
240
237
237
237
237
237
240
240
240
240
240
232
232
232
232
232
232
227
227
227
227
227
210
210
210
210
210
206
206
206
206
206
206
209
209
209
209
209
214
214
214
214
214
203
203
203
203
203
203
211
211
211
211
211
201
201
201
201
201
204
204
204
204
204
204
211
211
211
211
211
207
207
207
207
207
220
220
220
220
220
220
226
226
226
226
226
229
229
229
229
229
255
255
255
255
255
255
284
284
284
284
284
312
312
312
312
312
375
375
375
375
375
375
398
398
398
398
398
382
382
382
382
382
348
348
348
348
348
348
308
308
308
308
308
271
271
271
271
271
250
250
250
250
250
250
238
238
238
238
238
241
241
241
241
241
238
238
238
238
238
238
238
238
238
238
238
225
225
225
225
225
228
228
228
228
228
228
224
224
224
224
224
233
233
233
233
233
222
222
222
222
222
222
223
223
223
223
223
209
209
209
209
209
209
209
209
209
209
209
200
200
200
200
200
206
206
206
206
206
200
200
200
200
200
200
206
206
206
206
206
190
190
190
190
190
195
195
195
195
195
195
193
193
193
193
193
190
190
190
190
190
186
186
186
186
186
186
189
189
189
189
189
188
188
188
188
188
182
182
182
182
182
182
178
178
178
178
178
185
185
185
185
185
196
196
196
196
196
196
187
187
187
187
187
191
191
191
191
191
199
199
199
199
199
199
193
193
193
193
193
198
198
198
198
198
192
192
192
192
192
192
197
197
197
197
197
197
197
197
197
197
189
189
189
189
189
189
193
193
193
193
193
185
185
185
185
185
184
184
184
184
184
184
198
198
198
198
198
206
206
206
206
206
219
219
219
219
219
219
237
237
237
237
237
278
278
278
278
278
373
373
373
373
373
373
504
504
504
504
504
650
650
650
650
650
630
630
630
630
630
630
536
536
536
536
536
376
376
376
376
376
306
306
306
306
306
306
280
280
280
280
280
260
260
260
260
260
267
267
267
267
267
267
271
271
271
271
271
280
280
280
280
280
304
304
304
304
304
304
332
332
332
332
332
356
356
356
356
356
344
344
344
344
344
344
317
317
317
317
317
268
268
268
268
268
236
236
236
236
236
236
223
223
223
223
223
216
216
216
216
216
200
200
200
200
200
200
195
195
195
195
195
186
186
186
186
186
191
191
191
191
191
191
199
199
199
199
199
195
195
195
195
195
197
197
197
197
197
197
185
185
185
185
185
200
200
200
200
200
185
185
185
185
185
185
193
193
193
193
193
190
190
190
190
190
191
191
191
191
191
191
188
188
188
188
188
184
184
184
184
184
192
192
192
192
192
192
183
183
183
183
183
189
189
189
189
189
184
184
184
184
184
184
195
195
195
195
195
199
199
199
199
199
198
198
198
198
198
198
200
200
200
200
200
202
202
202
202
202
203
203
203
203
203
203
211
211
211
211
211
215
215
215
215
215
231
231
231
231
231
231
247
247
247
247
247
264
264
264
264
264
272
272
272
272
272
272
268
268
268
268
268
264
264
264
264
264
247
247
247
247
247
247
240
240
240
240
240
236
236
236
236
236
231
231
231
231
231
231
230
230
230
230
230
228
228
228
228
228
225
225
225
225
225
225
220
220
220
220
220
232
232
232
232
232
227
227
227
227
227
227
225
225
225
225
225
226
226
226
226
226
228
228
228
228
228
228
242
242
242
242
242
245
245
245
245
245
239
239
239
239
239
239
240
240
240
240
240
248
248
248
248
248
250
250
250
250
250
250
230
230
230
230
230
225
225
225
225
225
217
217
217
217
217
217
221
221
221
221
221
208
208
208
208
208
205
205
205
205
205
205
202
202
202
202
202
199
199
199
199
199
205
205
205
205
205
205
200
200
200
200
200
195
195
195
195
195
194
194
194
194
194
194
198
198
198
198
198
195
195
195
195
195
202
202
202
202
202
202
198
198
198
198
198
199
199
199
199
199
200
200
200
200
200
200
206
206
206
206
206
204
204
204
204
204
206
206
206
206
206
206
206
206
206
206
206
208
208
208
208
208
207
207
207
207
207
207
212
212
212
212
212
212
212
212
212
212
212
212
212
212
212
212
209
209
209
209
209
219
219
219
219
219
215
215
215
215
215
215
222
222
222
222
222
229
229
229
229
229
227
227
227
227
227
227
228
228
228
228
228
221
221
221
221
221
232
232
232
232
232
232
210
210
210
210
210
222
222
222
222
222
212
212
212
212
212
212
207
207
207
207
207
209
209
209
209
209
208
208
208
208
208
208
219
219
219
219
219
215
215
215
215
215
219
219
219
219
219
219
240
240
240
240
240
253
253
253
253
253
254
254
254
254
254
254
250
250
250
250
250
242
242
242
242
242
224
224
224
224
224
224
220
220
220
220
220
207
207
207
207
207
202
202
202
202
202
202
198
198
198
198
198
196
196
196
196
196
196
196
196
196
196
196
196
196
196
196
196
198
198
198
198
198
208
208
208
208
208
208
221
221
221
221
221
226
226
226
226
226
238
238
238
238
238
238
238
238
238
238
238
238
238
238
238
238
223
223
223
223
223
223
228
228
228
228
228
223
223
223
223
223
214
214
214
214
214
214
208
208
208
208
208
205
205
205
205
205
196
196
196
196
196
196
197
197
197
197
197
202
202
202
202
202
210
210
210
210
210
210
213
213
213
213
213
211
211
211
211
211
215
215
215
215
215
215
218
218
218
218
218
217
217
217
217
217
221
221
221
221
221
221
213
213
213
213
213
209
209
209
209
209
205
205
205
205
205
205
197
197
197
197
197
201
201
201
201
201
200
200
200
200
200
200
190
190
190
190
190
197
197
197
197
197
200
200
200
200
200
200
205
205
205
205
205
204
204
204
204
204
206
206
206
206
206
206
201
201
201
201
201
205
205
205
205
205
205
205
205
205
205
205
218
218
218
218
218
220
220
220
220
220
223
223
223
223
223
223
225
225
225
225
225
239
239
239
239
239
242
242
242
242
242
242
246
246
246
246
246
257
257
257
257
257
278
278
278
278
278
278
298
298
298
298
298
306
306
306
306
306
296
296
296
296
296
296
291
291
291
291
291
271
271
271
271
271
262
262
262
262
262
262
247
247
247
247
247
238
238
238
238
238
223
223
223
223
223
223
215
215
215
215
215
218
218
218
218
218
221
221
221
221
221
221
217
217
217
217
217
214
214
214
214
214
216
216
216
216
216
216
199
199
199
199
199
204
204
204
204
204
199
199
199
199
199
199
198
198
198
198
198
190
190
190
190
190
196
196
196
196
196
196
190
190
190
190
190
195
195
195
195
195
196
196
196
196
196
196
196
196
196
196
196
197
197
197
197
197
206
206
206
206
206
206
195
195
195
195
195
202
202
202
202
202
202
202
202
202
202
202
199
199
199
199
199
190
190
190
190
190
196
196
196
196
196
196
204
204
204
204
204
197
197
197
197
197
205
205
205
205
205
205
206
206
206
206
206
216
216
216
216
216
207
207
207
207
207
207
222
222
222
222
222
217
217
217
217
217
227
227
227
227
227
227
208
208
208
208
208
232
232
232
232
232
235
235
235
235
235
235
225
225
225
225
225
225
225
225
225
225
226
226
226
226
226
226
217
217
217
217
217
221
221
221
221
221
223
223
223
223
223
223
222
222
222
222
222
214
214
214
214
214
206
206
206
206
206
206
209
209
209
209
209
208
208
208
208
208
208
208
208
208
208
208
211
211
211
211
211
205
205
205
205
205
204
204
204
204
204
204
201
201
201
201
201
208
208
208
208
208
204
204
204
204
204
204
196
196
196
196
196
193
193
193
193
193
192
192
192
192
192
192
186
186
186
186
186
191
191
191
191
191
190
190
190
190
190
190
193
193
193
193
193
192
192
192
192
192
196
196
196
196
196
196
203
203
203
203
203
209
209
209
209
209
211
211
211
211
211
211
222
222
222
222
222
221
221
221
221
221
222
222
222
222
222
222
226
226
226
226
226
235
235
235
235
235
223
223
223
223
223
223
229
229
229
229
229
227
227
227
227
227
229
229
229
229
229
229
225
225
225
225
225
235
235
235
235
235
225
225
225
225
225
225
239
239
239
239
239
234
234
234
234
234
241
241
241
241
241
241
228
228
228
228
228
238
238
238
238
238
244
244
244
244
244
244
236
236
236
236
236
234
234
234
234
234
229
229
229
229
229
229
221
221
221
221
221
226
226
226
226
226
215
215
215
215
215
215
218
218
218
218
218
216
216
216
216
216
212
212
212
212
212
212
210
210
210
210
210
223
223
223
223
223
212
212
212
212
212
212
212
212
212
212
212
213
213
213
213
213
206
206
206
206
206
206
209
209
209
209
209
209
209
209
209
209
211
211
211
211
211
211
197
197
197
197
197
211
211
211
211
211
212
212
212
212
212
212
204
204
204
204
204
208
208
208
208
208
212
212
212
212
212
212
211
211
211
211
211
223
223
223
223
223
212
212
212
212
212
212
213
213
213
213
213
217
217
217
217
217
215
215
215
215
215
215
222
222
222
222
222
214
214
214
214
214
228
228
228
228
228
228
221
221
221
221
221
229
229
229
229
229
213
213
213
213
213
213
220
220
220
220
220
234
234
234
234
234
216
216
216
216
216
216
214
214
214
214
214
227
227
227
227
227
232
232
232
232
232
232
220
220
220
220
220
224
224
224
224
224
226
226
226
226
226
226
219
219
219
219
219
207
207
207
207
207
225
225
225
225
225
225
220
220
220
220
220
226
226
226
226
226
218
218
218
218
218
218
228
228
228
228
228
219
219
219
219
219
208
208
208
208
208
208
216
216
216
216
216
221
221
221
221
221
214
214
214
214
214
214
212
212
212
212
212
208
208
208
208
208
213
213
213
213
213
213
212
212
212
212
212
206
206
206
206
206
208
208
208
208
208
208
202
202
202
202
202
205
205
205
205
205
208
208
208
208
208
208
212
212
212
212
212
214
214
214
214
214
210
210
210
210
210
210
211
211
211
211
211
217
217
217
217
217
205
205
205
205
205
205
219
219
219
219
219
226
226
226
226
226
215
215
215
215
215
215
223
223
223
223
223
232
232
232
232
232
221
221
221
221
221
221
221
221
221
221
221
229
229
229
229
229
227
227
227
227
227