222
222
202
202
202
202
202
202
212
212
212
212
212
215
215
215
215
215
219
219
219
219
219
219
237
237
237
237
237
219
219
219
219
219
227
227
227
227
227
227
213
213
213
213
213
214
214
214
214
214
209
209
209
209
209
209
206
206
206
206
206
225
225
225
225
225
209
209
209
209
209
209
207
207
207
207
207
213
213
213
213
213
212
212
212
212
212
212
213
213
213
213
213
216
216
216
216
216
216
216
216
216
216
216
211
211
211
211
211
212
212
212
212
212
215
215
215
215
215
215
214
214
214
214
214
216
216
216
216
216
211
211
211
211
211
211
215
215
215
215
215
202
202
202
202
202
221
221
221
221
221
221
209
209
209
209
209
213
213
213
213
213
212
212
212
212
212
212
212
212
212
212
212
216
216
216
216
216
219
219
219
219
219
219
221
221
221
221
221
203
203
203
203
203
223
223
223
223
223
223
217
217
217
217
217
212
212
212
212
212
211
211
211
211
211
211
208
208
208
208
208
213
213
213
213
213
215
215
215
215
215
215
218
218
218
218
218
213
213
213
213
213
225
225
225
225
225
225
208
208
208
208
208
211
211
211
211
211
211
211
211
211
211
211
209
209
209
209
209
217
217
217
217
217
218
218
218
218
218
218
220
220
220
220
220
209
209
209
209
209
218
218
218
218
218
218
216
216
216
216
216
218
218
218
218
218
216
216
216
216
216
216
210
210
210
210
210
212
212
212
212
212
217
217
217
217
217
217
208
208
208
208
208
209
209
209
209
209
212
212
212
212
212
212
215
215
215
215
215
209
209
209
209
209
214
214
214
214
214
214
211
211
211
211
211
217
217
217
217
217
214
214
214
214
214
214
219
219
219
219
219
220
220
220
220
220
214
214
214
214
214
214
209
209
209
209
209
218
218
218
218
218
217
217
217
217
217
217
211
211
211
211
211
221
221
221
221
221
210
210
210
210
210
210
209
209
209
209
209
212
212
212
212
212
216
216
216
216
216
216
208
208
208
208
208
202
202
202
202
202
225
225
225
225
225
225
217
217
217
217
217
208
208
208
208
208
204
204
204
204
204
204
217
217
217
217
217
215
215
215
215
215
214
214
214
214
214
214
204
204
204
204
204
217
217
217
217
217
209
209
209
209
209
209
222
222
222
222
222
211
211
211
211
211
214
214
214
214
214
214
219
219
219
219
219
218
218
218
218
218
211
211
211
211
211
211
225
225
225
225
225
210
210
210
210
210
217
217
217
217
217
217
200
200
200
200
200
224
224
224
224
224
217
217
217
217
217
217
220
220
220
220
220
216
216
216
216
216
234
234
234
234
234
234
200
200
200
200
200
213
213
213
213
213
231
231
231
231
231
231
204
204
204
204
204
208
208
208
208
208
219
219
219
219
219
219
208
208
208
208
208
219
219
219
219
219
217
217
217
217
217
217
217
217
217
217
217
219
219
219
219
219
208
208
208
208
208
208
209
209
209
209
209
205
205
205
205
205
214
214
214
214
214
214
217
217
217
217
217
216
216
216
216
216
212
212
212
212
212
212
215
215
215
215
215
207
207
207
207
207
202
202
202
202
202
202
214
214
214
214
214
209
209
209
209
209
217
217
217
217
217
217
223
223
223
223
223
226
226
226
226
226
212
212
212
212
212
212
217
217
217
217
217
208
208
208
208
208
216
216
216
216
216
216
218
218
218
218
218
216
216
216
216
216
202
202
202
202
202
202
208
208
208
208
208
218
218
218
218
218
213
213
213
213
213
213
209
209
209
209
209
204
204
204
204
204
206
206
206
206
206
206
220
220
220
220
220
212
212
212
212
212
206
206
206
206
206
206
206
206
206
206
206
216
216
216
216
216
217
217
217
217
217
217
220
220
220
220
220
209
209
209
209
209
225
225
225
225
225
225
212
212
212
212
212
222
222
222
222
222
208
208
208
208
208
208
213
213
213
213
213
213
213
213
213
213
219
219
219
219
219
219
205
205
205
205
205
205
205
205
205
205
205
205
205
205
205
205
216
216
216
216
216
213
213
213
213
213
221
221
221
221
221
221
213
213
213
213
213
214
214
214
214
214
213
213
213
213
213
213
213
213
213
213
213
207
207
207
207
207
217
217
217
217
217
217
206
206
206
206
206
197
197
197
197
197
214
214
214
214
214
214
209
209
209
209
209
218
218
218
218
218
217
217
217
217
217
217
218
218
218
218
218
208
208
208
208
208
220
220
220
220
220
220
215
215
215
215
215
209
209
209
209
209
221
221
221
221
221
221
217
217
217
217
217
220
220
220
220
220
224
224
224
224
224
224
203
203
203
203
203
217
217
217
217
217
213
213
213
213
213
213
213
213
213
213
213
215
215
215
215
215
221
221
221
221
221
221
220
220
220
220
220
211
211
211
211
211
213
213
213
213
213
213
212
212
212
212
212
219
219
219
219
219
209
209
209
209
209
209
218
218
218
218
218
217
217
217
217
217
210
210
210
210
210
210
226
226
226
226
226
217
217
217
217
217
217
217
217
217
217
217
220
220
220
220
220
207
207
207
207
207
220
220
220
220
220
220
218
218
218
218
218
213
213
213
213
213
210
210
210
210
210
210
212
212
212
212
212
221
221
221
221
221
225
225
225
225
225
225
212
212
212
212
212
204
204
204
204
204
216
216
216
216
216
216
211
211
211
211
211
204
204
204
204
204
216
216
216
216
216
216
216
216
216
216
216
206
206
206
206
206
215
215
215
215
215
215
216
216
216
216
216
212
212
212
212
212
229
229
229
229
229
229
208
208
208
208
208
211
211
211
211
211
210
210
210
210
210
210
210
210
210
210
210
217
217
217
217
217
209
209
209
209
209
209
225
225
225
225
225
210
210
210
210
210
212
212
212
212
212
212
212
212
212
212
212
213
213
213
213
213
209
209
209
209
209
209
213
213
213
213
213
212
212
212
212
212
214
214
214
214
214
214
210
210
210
210
210
228
228
228
228
228
221
221
221
221
221
221
218
218
218
218
218
214
214
214
214
214
214
214
214
214
214
214
203
203
203
203
203
209
209
209
209
209
214
214
214
214
214
214
216
216
216
216
216
221
221
221
221
221
221
221
221
221
221
221
208
208
208
208
208
209
209
209
209
209
223
223
223
223
223
223
214
214
214
214
214
217
217
217
217
217
218
218
218
218
218
218
209
209
209
209
209
230
230
230
230
230
212
212
212
212
212
212
212
212
212
212
212
221
221
221
221
221
220
220
220
220
220
220
214
214
214
214
214
220
220
220
220
220
224
224
224
224
224
224
216
216
216
216
216
218
218
218
218
218
217
217
217
217
217
217
209
209
209
209
209
200
200
200
200
200
227
227
227
227
227
227
211
211
211
211
211
214
214
214
214
214
213
213
213
213
213
213
216
216
216
216
216
211
211
211
211
211
211
211
211
211
211
211
214
214
214
214
214
212
212
212
212
212
212
212
212
212
212
212
224
224
224
224
224
220
220
220
220
220
216
216
216
216
216
216
214
214
214
214
214
214
214
214
214
214
214
214
214
214
214
214
225
225
225
225
225
207
207
207
207
207
227
227
227
227
227
227
219
219
219
219
219
213
213
213
213
213
214
214
214
214
214
214
219
219
219
219
219
224
224
224
224
224
224
224
224
224
224
224
219
219
219
219
219
218
218
218
218
218
224
224
224
224
224
224
220
220
220
220
220
214
214
214
214
214
222
222
222
222
222
222
235
235
235
235
235
230
230
230
230
230
226
226
226
226
226
226
245
245
245
245
245
237
237
237
237
237
227
227
227
227
227
227
236
236
236
236
236
212
212
212
212
212
227
227
227
227
227
227
241
241
241
241
241
241
241
241
241
241
265
265
265
265
265
265
304
304
304
304
304
404
404
404
404
404
844
844
844
844
844
844
1431
1431
1431
1431
1431
1822
1822
1822
1822
1822
1728
1728
1728
1728
1728
1728
1045
1045
1045
1045
1045
324
324
324
324
324
219
219
219
219
219
219
204
204
204
204
204
184
184
184
184
184
177
177
177
177
177
177
182
182
182
182
182
186
186
186
186
186
182
182
182
182
182
182
181
181
181
181
181
197
197
197
197
197
227
227
227
227
227
227
308
308
308
308
308
585
585
585
585
585
935
935
935
935
935
935
892
892
892
892
892
495
495
495
495
495
274
274
274
274
274
274
234
234
234
234
234
211
211
211
211
211
198
198
198
198
198
198
194
194
194
194
194
198
198
198
198
198
208
208
208
208
208
208
210
210
210
210
210
218
218
218
218
218
219
219
219
219
219
219
214
214
214
214
214
218
218
218
218
218
207
207
207
207
207
207
203
203
203
203
203
197
197
197
197
197
189
189
189
189
189
189
208
208
208
208
208
227
227
227
227
227
262
262
262
262
262
262
330
330
330
330
330
553
553
553
553
553
474
474
474
474
474
474
314
314
314
314
314
213
213
213
213
213
187
187
187
187
187
187
175
175
175
175
175
171
171
171
171
171
170
170
170
170
170
170
177
177
177
177
177
172
172
172
172
172
175
175
175
175
175
175
170
170
170
170
170
179
179
179
179
179
189
189
189
189
189
189
247
247
247
247
247
1440
1440
1440
1440
1440
4095
4095
4095
4095
4095
4095
4095
4095
4095
4095
4095
4095
4095
4095
4095
4095
4095
4095
4095
4095
4095
4095
4095
4095
4095
4095
4095
4095
4095
4095
4095
4095
4095
4095
4095
4095
4095
4095
1777
1777
1777
1777
1777
189
189
189
189
189
171
171
171
171
171
171
171
171
171
171
171
171
171
171
171
171
172
172
172
172
172
172
166
166
166
166
166
178
178
178
178
178
418
418
418
418
418
418
4095
4095
4095
4095
4095
4095
4095
4095
4095
4095
4095
4095
4095
4095
4095
4095
4095
4095
4095
4095
4095
4095
4095
4095
4095
4095
4095
4095
4095
4095
4095
4095
4095
4095
4095
4095
4095
171
171
171
171
171
168
168
168
168
168
168
172
172
172
172
172
168
168
168
168
168
167
167
167
167
167
167
163
163
163
163
163
168
168
168
168
168
175
175
175
175
175
175
219
219
219
219
219
4095
4095
4095
4095
4095
4095
4095
4095
4095
4095
4095
4095
4095
4095
4095
4095
4095
4095
4095
4095
4095
4095
4095
4095
4095
4095
4095
4095
4095
4095
4095
4095
4095
4095
4095
4095
4095
1940
1940
1940
1940
1940
1940
181
181
181
181
181
175
175
175
175
175
166
166
166
166
166
166
172
172
172
172
172
170
170
170
170
170
166
166
166
166
166
166
171
171
171
171
171
173
173
173
173
173
184
184
184
184
184
184
248
248
248
248
248
3083
3083
3083
3083
3083
4095
4095
4095
4095
4095
4095
4095
4095
4095
4095
4095
4095
4095
4095
4095
4095
4095
4095
4095
4095
4095
4095
4095
4095
4095
4095
4095
4095
4095
4095
4095
4095
4095
4095
4095
4095
4095
4095
4095
4095
4095
4095
4095
2829
2829
2829
2829
2829
549
549
549
549
549
549
182
182
182
182
182
176
176
176
176
176
173
173
173
173
173
173
171
171
171
171
171
178
178
178
178
178
183
183
183
183
183
183
251
251
251
251
251
3446
3446
3446
3446
3446
4095
4095
4095
4095
4095
4095
4095
4095
4095
4095
4095
4095
4095
4095
4095
4095
4095
4095
4095
4095
4095
4095
2753
2753
2753
2753
2753
201
201
201
201
201
173
173
173
173
173
173
176
176
176
176
176
173
173
173
173
173
171
171
171
171
171
171
180
180
180
180
180
183
183
183
183
183
206
206
206
206
206
206
630
630
630
630
630
3901
3901
3901
3901
3901
4095
4095
4095
4095
4095
4095
4095
4095
4095
4095
4095
4095
4095
4095
4095
4095
4095
4095
4095
4095
4095
4095
4095
4095
4095
4095
4095
3212
3212
3212
3212
3212
986
986
986
986
986
986
220
220
220
220
220
193
193
193
193
193
172
172
172
172
172
172
164
164
164
164
164
174
174
174
174
174
177
177
177
177
174
174
174
174
174
189
189
189
189
189
200
200
200
200
200
200
231
231
231
231
231
541
541
541
541
541
1885
1885
1885
1885
1885
1885
2878
2878
2878
2878
2878
3305
3305
3305
3305
3305
3409
3409
3409
3409
3409
3409
3536
3536
3536
3536
3536
3851
3851
3851
3851
3851
4095
4095
4095
4095
4095
4095
4095
4095
4095
4095
4095
4095
4095
4095
4095
4095
4095
4095
4095
4095
4095
4095
4095
4095
4095
4095
4095
4095
4095
4095
4095
4095
4095
4095
4095
4095
4095
4095
4095
4095
4095
4095
4095
3431
3431
3431
3431
3431
1997
1997
1997
1997
1997
1997
751
751
751
751
751
296
296
296
296
296
236
236
236
236
236
236
228
228
228
228
228
208
208
208
208
208
219
219
219
219
219
219
274
274
274
274
274
769
769
769
769
769
2299
2299
2299
2299
2299
2299
3935
3935
3935
3935
3935
4095
4095
4095
4095
4095
4095
4095
4095
4095
4095
4095
4095
4095
4095
4095
4095
4095
4095
4095
4095
4095
3982
3982
3982
3982
3982
3982
1961
1961
1961
1961
1961
288
288
288
288
288
211
211
211
211
211
211
187
187
187
187
187
177
177
177
177
177
174
174
174
174
174
174
176
176
176
176
176
175
175
175
175
175
189
189
189
189
189
189
196
196
196
196
196
226
226
226
226
226
298
298
298
298
298
298
466
466
466
466
466
559
559
559
559
559
408
408
408
408
408
408
324
324
324
324
324
289
289
289
289
289
281
281
281
281
281
281
283
283
283
283
283
306
306
306
306
306
370
370
370
370
370
370
452
452
452
452
452
525
525
525
525
525
413
413
413
413
413
413
268
268
268
268
268
206
206
206
206
206
199
199
199
199
199
199
183
183
183
183
183
185
185
185
185
185
177
177
177
177
177
177
181
181
181
181
181
200
200
200
200
200
201
201
201
201
201
201
272
272
272
272
272
1182
1182
1182
1182
1182
2760
2760
2760
2760
2760
2760
3737
3737
3737
3737
3737
4077
4077
4077
4077
4077
3816
3816
3816
3816
3816
3816
2963
2963
2963
2963
2963
1729
1729
1729
1729
1729
597
597
597
597
597
597
262
262
262
262
262
226
226
226
226
226
205
205
205
205
205
205
208
208
208
208
208
199
199
199
199
199
225
225
225
225
225
225
206
206
206
206
206
214
214
214
214
214
219
219
219
219
219
219
227
227
227
227
227
246
246
246
246
246
271
271
271
271
271
271
326
326
326
326
326
607
607
607
607
607
1143
1143
1143
1143
1143
1143
1782
1782
1782
1782
1782
2228
2228
2228
2228
2228
2106
2106
2106
2106
1467
1467
1467
1467
1467
448
448
448
448
448
233
233
233
233
233
233
209
209
209
209
209
204
204
204
204
204
189
189
189
189
189
189
201
201
201
201
201
200
200
200
200
200
231
231
231
231
231
231
415
415
415
415
415
1843
1843
1843
1843
1843
3406
3406
3406
3406
3406
3406
4095
4095
4095
4095
4095
4095
4095
4095
4095
4095
4081
4081
4081
4081
4081
4081
3095
3095
3095
3095
3095
1882
1882
1882
1882
1882
665
665
665
665
665
665
257
257
257
257
257
219
219
219
219
219
203
203
203
203
203
203
206
206
206
206
206
208
208
208
208
208
214
214
214
214
214
214
234
234
234
234
234
236
236
236
236
236
228
228
228
228
228
228
246
246
246
246
246
234
234
234
234
234
242
242
242
242
242
242
243
243
243
243
243
271
271
271
271
271
282
282
282
282
282
282
385
385
385
385
385
640
640
640
640
640
946
946
946
946
946
946
1125
1125
1125
1125
1125
1061
1061
1061
1061
1061
697
697
697
697
697
697
352
352
352
352
352
262
262
262
262
262
224
224
224
224
224
224
207
207
207
207
207
195
195
195
195
195
199
199
199
199
199
199
204
204
204
204
204
222
222
222
222
222
273
273
273
273
273
273
387
387
387
387
387
717
717
717
717
717
948
948
948
948
948
948
813
813
813
813
813
388
388
388
388
388
273
273
273
273
273
273
221
221
221
221
221
207
207
207
207
207
198
198
198
198
198
198
196
196
196
196
196
202
202
202
202
202
207
207
207
207
207
207
226
226
226
226
226
262
262
262
262
262
367
367
367
367
367
367
647
647
647
647
647
798
798
798
798
798
611
611
611
611
611
611
339
339
339
339
339
268
268
268
268
268
232
232
232
232
232
232
220
220
220
220
220
205
205
205
205
205
213
213
213
213
213
213
212
212
212
212
212
234
234
234
234
234
263
263
263
263
263
263
322
322
322
322
322
391
391
391
391
391
451
451
451
451
451
451
390
390
390
390
390
330
330
330
330
330
276
276
276
276
276
276
271
271
271
271
271
267
267
267
267
267
280
280
280
280
280
280
344
344
344
344
344
553
553
553
553
553
933
933
933
933
933
933
1280
1280
1280
1280
1280
1420
1420
1420
1420
1420
1196
1196
1196
1196
1196
1196
670
670
670
670
670
304
304
304
304
304
236
236
236
236
236
236
207
207
207
207
207
195
195
195
195
195
195
195
195
195
195
195
193
193
193
193
193
196
196
196
196
196
211
211
211
211
211
211
236
236
236
236
236
348
348
348
348
348
747
747
747
747
747
747
1156
1156
1156
1156
1156
1038
1038
1038
1038
1038
623
623
623
623
623
623
307
307
307
307
307
251
251
251
251
251
224
224
224
224
224
224
211
211
211
211
211
209
209
209
209
209
221
221
221
221
221
221
238
238
238
238
238
306
306
306
306
306
506
506
506
506
506
506
755
755
755
755
755
834
834
834
834
834
589
589
589
589
589
589
378
378
378
378
378
270
270
270
270
270
242
242
242
242
242
242
229
229
229
229
229
222
222
222
222
222
228
228
228
228
228
228
232
232
232
232
232
247
247
247
247
247
277
277
277
277
277
277
317
317
317
317
317
348
348
348
348
348
334
334
334
334
334
334
318
318
318
318
318
287
287
287
287
287
271
271
271
271
271
271
252
252
252
252
252
252
252
252
252
252
242
242
242
242
242
242
237
237
237
237
237
237
237
237
237
237
242
242
242
242
242
242
257
257
257
257
257
252
252
252
252
252
256
256
256
256
256
256
251
251
251
251
251
245
245
245
245
245
235
235
235
235
235
235
224
224
224
224
224
216
216
216
216
216
218
218
218
218
218
218
218
218
218
218
218
226
226
226
226
226
237
237
237
237
237
237
285
285
285
285
285
335
335
335
335
335
398
398
398
398
398
398
407
407
407
407
407
319
319
319
319
319
286
286
286
286
286
286
223
223
223
223
223
217
217
217
217
217
207
207
207
207
207
207
199
199
199
199
199
204
204
204
204
204
205
205
205
205
205
205
223
223
223
223
223
245
245
245
245
245
302
302
302
302
302
302
422
422
422
422
422
613
613
613
613
613
636
636
636
636
636
636
463
463
463
463
463
330
330
330
330
330
257
257
257
257
257
257
226
226
226
226
226
215
215
215
215
215
218
218
218
218
218
218
211
211
211
211
211
209
209
209
209
209
221
221
221
221
221
221
239
239
239
239
239
272
272
272
272
272
329
329
329
329
329
329
550
550
550
550
550
779
779
779
779
779
921
921
921
921
921
921
798
798
798
798
798
463
463
463
463
463
292
292
292
292
292
292
233
233
233
233
233
211
211
211
211
211
207
207
207
207
207
207
192
192
192
192
192
193
193
193
193
193
197
197
197
197
197
197
204
204
204
204
204
201
201
201
201
201
220
220
220
220
220
220
249
249
249
249
249
296
296
296
296
296
422
422
422
422
422
422
645
645
645
645
645
888
888
888
888
888
1030
1030
1030
1030
1030
1030
1041
1041
1041
1041
1041
875
875
875
875
875
563
563
563
563
563
563
354
354
354
354
354
276
276
276
276
276
229
229
229
229
229
229
217
217
217
217
217
201
201
201
201
201
219
219
219
219
219
219
216
216
216
216
216
235
235
235
235
235
306
306
306
306
306
306
523
523
523
523
523
1257
1257
1257
1257
1257
2043
2043
2043
2043
2043
2043
2511
2511
2511
2511
2511
2600
2600
2600
2600
2600
2247
2247
2247
2247
2247
2247
1573
1573
1573
1573
1573
727
727
727
727
727
297
297
297
297
297
297
229
229
229
229
229
219
219
219
219
219
207
207
207
207
207
207
206
206
206
206
206
196
196
196
196
196
200
200
200
200
200
200
211
211
211
211
211
233
233
233
233
233
243
243
243
243
243
243
269
269
269
269
269
289
289
289
289
289
265
265
265
265
265
265
239
239
239
239
239
220
220
220
220
220
208
208
208
208
208
208
196
196
196
196
196
200
200
200
200
200
200
200
200
200
200
200
206
206
206
206
206
215
215
215
215
215
215
215
215
215
215
215
240
240
240
240
240
295
295
295
295
295
423
423
423
423
423
423
576
576
576
576
576
727
727
727
727
727
726
726
726
726
726
726
673
673
673
673
673
500
500
500
500
500
383
383
383
383
383
383
313
313
313
313
313
291
291
291
291
291
273
273
273
273
273
273
266
266
266
266
266
263
263
263
263
263
265
265
265
265
265
265
277
277
277
277
277
289
289
289
289
289
320
320
320
320
320
320
353
353
353
353
353
384
384
384
384
384
454
454
454
454
454
454
522
522
522
522
522
609
609
609
609
609
632
632
632
632
632
632
728
728
728
728
728
671
671
671
671
671
614
614
614
614
614
614
503
503
503
503
503
374
374
374
374
374
295
295
295
295
295
295
273
273
273
273
273
241
241
241
241
241
229
229
229
229
229
229
209
209
209
209
209
215
215
215
215
215
204
204
204
204
204
204
212
212
212
212
212
204
204
204
204
204
216
216
216
216
216
216
227
227
227
227
227
237
237
237
237
237
241
241
241
241
241
241
266
266
266
266
266
261
261
261
261
261
268
268
268
268
268
268
256
256
256
256
256
246
246
246
246
246
248
248
248
248
248
248
225
225
225
225
225
224
224
224
224
224
206
206
206
206
206
206
206
206
206
206
206
207
207
207
207
207
231
231
231
231
231
231
250
250
250
250
250
281
281
281
281
281
325
325
325
325
325
325
443
443
443
443
443
574
574
574
574
574
596
596
596
596
596
596
519
519
519
519
519
393
393
393
393
393
314
314
314
314
314
314
263
263
263
263
263
245
245
245
245
245
235
235
235
235
235
235
229
229
229
229
229
228
228
228
228
228
218
218
218
218
218
218
239
239
239
239
239
226
226
226
226
226
249
249
249
249
249
249
249
249
249
249
249
255
255
255
255
255
237
237
237
237
237
237
248
248
248
248
248
226
226
226
226
226
223
223
223
223
223
223
210
210
210
210
210
212
212
212
212
212
209
209
209
209
209
209
212
212
212
212
212
215
215
215
215
215
228
228
228
228
228
228
241
241
241
241
241
273
273
273
273
273
326
326
326
326
326
326
479
479
479
479
479
758
758
758
758
758
882
882
882
882
882
882
830
830
830
830
830
644
644
644
644
644
392
392
392
392
392
392
284
284
284
284
284
242
242
242
242
242
225
225
225
225
225
225
210
210
210
210
210
205
205
205
205
205
196
196
196
196
196
196
201
201
201
201
201
204
204
204
204
204
209
209
209
209
209
209
222
222
222
222
222
223
223
223
223
223
222
222
222
222
222
222
223
223
223
223
223
234
234
234
234
234
240
240
240
240
240
240
247
247
247
247
247
249
249
249
249
249
236
236
236
236
236
236
226
226
226
226
226
221
221
221
221
221
202
202
202
202
202
202
216
216
216
216
216
202
202
202
202
202
221
221
221
221
221
221
216
216
216
216
216
227
227
227
227
227
251
251
251
251
251
251
285
285
285
285
285
320
320
320
320
320
367
367
367
367
367