209
209
209
220
220
220
220
220
220
213
213
213
213
213
204
204
204
204
204
225
225
225
225
225
225
200
200
200
200
200
211
211
211
211
211
216
216
216
216
216
216
223
223
223
223
223
209
209
209
209
209
218
218
218
218
218
218
209
209
209
209
209
212
212
212
212
212
212
212
212
212
212
212
212
212
212
212
212
209
209
209
209
209
217
217
217
217
217
217
216
216
216
216
216
216
216
216
216
216
209
209
209
209
209
209
211
211
211
211
211
209
209
209
209
209
210
210
210
210
210
210
211
211
211
211
211
212
212
212
212
212
219
219
219
219
219
219
203
203
203
203
203
219
219
219
219
219
214
214
214
214
214
214
214
214
214
214
214
218
218
218
218
218
222
222
222
222
222
222
211
211
211
211
211
211
211
211
211
211
218
218
218
218
218
218
214
214
214
214
214
210
210
210
210
210
218
218
218
218
218
218
213
213
213
213
213
211
211
211
211
211
209
209
209
209
209
209
211
211
211
211
211
215
215
215
215
215
213
213
213
213
213
213
216
216
216
216
216
212
212
212
212
212
218
218
218
218
218
218
216
216
216
216
216
206
206
206
206
206
218
218
218
218
218
218
214
214
214
214
214
209
209
209
209
209
213
213
213
213
213
213
208
208
208
208
208
207
207
207
207
207
215
215
215
215
215
215
222
222
222
222
222
211
211
211
211
211
212
212
212
212
212
212
216
216
216
216
216
212
212
212
212
212
215
215
215
215
215
215
208
208
208
208
208
211
211
211
211
211
212
212
212
212
212
212
213
213
213
213
213
209
209
209
209
209
219
219
219
219
219
219
214
214
214
214
214
215
215
215
215
215
219
219
219
219
219
219
207
207
207
207
207
210
210
210
210
210
218
218
218
218
218
218
214
214
214
214
214
210
210
210
210
210
207
207
207
207
207
207
212
212
212
212
212
204
204
204
204
204
213
213
213
213
213
213
209
209
209
209
209
213
213
213
213
213
213
213
213
213
213
213
208
208
208
208
208
207
207
207
207
207
222
222
222
222
222
222
210
210
210
210
210
206
206
206
206
206
209
209
209
209
209
209
213
213
213
213
213
222
222
222
222
222
216
216
216
216
216
216
217
217
217
217
217
213
213
213
213
213
218
218
218
218
218
218
211
211
211
211
211
219
219
219
219
219
200
200
200
200
200
200
220
220
220
220
220
203
203
203
203
203
213
213
213
213
213
213
213
213
213
213
213
216
216
216
216
216
201
201
201
201
201
201
210
210
210
210
210
218
218
218
218
218
203
203
203
203
203
203
216
216
216
216
216
209
209
209
209
209
212
212
212
212
212
212
211
211
211
211
211
207
207
207
207
207
213
213
213
213
213
213
210
210
210
210
210
223
223
223
223
223
213
213
213
213
213
213
213
213
213
213
213
218
218
218
218
218
224
224
224
224
224
224
210
210
210
210
210
211
211
211
211
211
214
214
214
214
214
214
209
209
209
209
209
219
219
219
219
219
210
210
210
210
210
210
211
211
211
211
211
215
215
215
215
215
214
214
214
214
214
214
206
206
206
206
206
213
213
213
213
213
212
212
212
212
212
212
205
205
205
205
205
221
221
221
221
221
215
215
215
215
215
215
210
210
210
210
210
221
221
221
221
221
206
206
206
206
206
206
206
206
206
206
206
203
203
203
203
203
210
210
210
210
210
210
215
215
215
215
215
215
215
215
215
215
204
204
204
204
204
204
213
213
213
213
213
220
220
220
220
220
208
208
208
208
208
208
210
210
210
210
210
213
213
213
213
213
212
212
212
212
212
212
212
212
212
212
212
214
214
214
214
214
208
208
208
208
208
208
209
209
209
209
209
219
219
219
219
219
201
201
201
201
201
201
209
209
209
209
209
212
212
212
212
212
207
207
207
207
207
207
208
208
208
208
208
209
209
209
209
209
212
212
212
212
212
212
215
215
215
215
215
213
213
213
213
213
203
203
203
203
203
203
208
208
208
208
208
213
213
213
213
213
216
216
216
216
216
216
200
200
200
200
200
212
212
212
212
212
214
214
214
214
214
214
215
215
215
215
215
210
210
210
210
210
213
213
213
213
213
213
216
216
216
216
216
209
209
209
209
209
217
217
217
217
217
217
208
208
208
208
208
213
213
213
213
213
211
211
211
211
211
211
210
210
210
210
210
210
210
210
210
210
204
204
204
204
204
204
211
211
211
211
211
205
205
205
205
205
213
213
213
213
213
213
205
205
205
205
205
217
217
217
217
217
208
208
208
208
208
208
200
200
200
200
200
216
216
216
216
216
204
204
204
204
204
204
203
203
203
203
203
211
211
211
211
211
212
212
212
212
212
212
213
213
213
213
213
209
209
209
209
209
204
204
204
204
204
204
208
208
208
208
208
214
214
214
214
214
216
216
216
216
216
216
197
197
197
197
197
206
206
206
206
206
218
218
218
218
218
218
211
211
211
211
211
212
212
212
212
212
209
209
209
209
209
209
208
208
208
208
208
214
214
214
214
214
214
214
214
214
214
214
211
211
211
211
211
211
211
211
211
211
206
206
206
206
206
206
209
209
209
209
209
212
212
212
212
212
211
211
211
211
211
211
211
211
211
211
211
217
217
217
217
217
212
212
212
212
212
212
206
206
206
206
206
212
212
212
212
212
201
201
201
201
201
201
216
216
216
216
216
209
209
209
209
209
208
208
208
208
208
208
210
210
210
210
210
212
212
212
212
212
214
214
214
214
214
214
207
207
207
207
207
210
210
210
210
210
200
200
200
200
200
200
207
207
207
207
207
200
200
200
200
200
209
209
209
209
209
209
206
206
206
206
206
206
206
206
206
206
200
200
200
200
200
200
213
213
213
213
213
202
202
202
202
202
204
204
204
204
204
204
213
213
213
213
213
206
206
206
206
206
210
210
210
210
210
210
205
205
205
205
205
201
201
201
201
201
205
205
205
205
205
205
202
202
202
202
202
209
209
209
209
209
204
204
204
204
204
204
201
201
201
201
201
205
205
205
205
205
200
200
200
200
200
200
208
208
208
208
208
209
209
209
209
209
200
200
200
200
200
200
195
195
195
195
195
202
202
202
202
202
202
202
202
202
202
202
199
199
199
199
199
204
204
204
204
204
198
198
198
198
198
198
208
208
208
208
208
199
199
199
199
199
184
184
184
184
184
184
211
211
211
211
211
208
208
208
208
208
192
192
192
192
192
192
204
204
204
204
204
197
197
197
197
197
199
199
199
199
199
199
195
195
195
195
195
193
193
193
193
193
199
199
199
199
199
199
194
194
194
194
194
207
207
207
207
207
188
188
188
188
188
188
197
197
197
197
197
200
200
200
200
200
199
199
199
199
199
199
191
191
191
191
191
194
194
194
194
194
201
201
201
201
201
201
202
202
202
202
202
189
189
189
189
189
204
204
204
204
204
204
198
198
198
198
198
200
200
200
200
200
198
198
198
198
198
198
204
204
204
204
204
205
205
205
205
205
200
200
200
200
200
200
207
207
207
207
207
204
204
204
204
204
213
213
213
213
213
213
209
209
209
209
209
206
206
206
206
206
211
211
211
211
211
211
212
212
212
212
212
204
204
204
204
204
209
209
209
209
209
209
200
200
200
200
200
187
187
187
187
187
191
191
191
191
191
191
191
191
191
191
191
187
187
187
187
187
186
186
186
186
186
186
196
196
196
196
196
202
202
202
202
202
214
214
214
214
214
214
217
217
217
217
217
234
234
234
234
234
237
237
237
237
237
237
236
236
236
236
236
216
216
216
216
216
210
210
210
210
210
210
195
195
195
195
195
187
187
187
187
187
181
181
181
181
181
181
175
175
175
175
175
180
180
180
180
180
180
180
180
180
180
180
183
183
183
183
183
186
186
186
186
186
213
213
213
213
213
213
257
257
257
257
257
528
528
528
528
528
1345
1345
1345
1345
1345
1345
2057
2057
2057
2057
2057
2088
2088
2088
2088
2088
1581
1581
1581
1581
1581
1581
652
652
652
652
652
293
293
293
293
293
215
215
215
215
215
215
191
191
191
191
191
179
179
179
179
179
179
179
179
179
179
179
176
176
176
176
176
174
174
174
174
174
175
175
175
175
175
175
181
181
181
181
181
184
184
184
184
184
187
187
187
187
187
187
208
208
208
208
208
224
224
224
224
224
262
262
262
262
262
262
299
299
299
299
299
386
386
386
386
386
423
423
423
423
423
423
385
385
385
385
385
300
300
300
300
300
251
251
251
251
251
251
249
249
249
249
249
227
227
227
227
227
204
204
204
204
204
204
201
201
201
201
201
196
196
196
196
196
195
195
195
195
195
195
200
200
200
200
200
197
197
197
197
197
215
215
215
215
215
215
220
220
220
220
220
245
245
245
245
245
256
256
256
256
256
256
260
260
260
260
260
253
253
253
253
253
253
253
253
253
253
253
235
235
235
235
235
244
244
244
244
244
234
234
234
234
234
234
245
245
245
245
245
255
255
255
255
255
263
263
263
263
263
263
287
287
287
287
287
384
384
384
384
384
723
723
723
723
723
723
1116
1116
1116
1116
1116
1499
1499
1499
1499
1499
1662
1662
1662
1662
1662
1662
1826
1826
1826
1826
1826
1731
1731
1731
1731
1731
1728
1728
1728
1728
1728
1728
1745
1745
1745
1745
1745
1912
1912
1912
1912
1912
2199
2199
2199
2199
2199
2199
2674
2674
2674
2674
2674
3302
3302
3302
3302
3302
3843
3843
3843
3843
3843
3843
4095
4095
4095
4095
4095
4095
4095
4095
4095
4095
4095
4095
4095
4095
4095
4095
4095
4095
4095
4095
4095
4095
4095
4095
4095
4095
3943
3943
3943
3943
3943
3943
3308
3308
3308
3308
3308
2591
2591
2591
2591
2591
2020
2020
2020
2020
2020
2020
1611
1611
1611
1611
1611
1468
1468
1468
1468
1468
1734
1734
1734
1734
1734
1734
2328
2328
2328
2328
2328
3374
3374
3374
3374
3374
4095
4095
4095
4095
4095
4095
4095
4095
4095
4095
4095
4095
4095
4095
4095
4095
4095
4095
4095
4095
4095
4095
4095
4095
4095
4095
4095
4095
4095
4095
4095
4095
4095
4095
4095
4095
4095
4095
3380
3380
3380
3380
3380
1673
1673
1673
1673
1673
293
293
293
293
293
293
207
207
207
207
207
181
181
181
181
181
185
185
185
185
185
185
171
171
171
171
171
171
171
171
171
171
174
174
174
174
174
174
177
177
177
177
177
185
185
185
185
185
189
189
189
189
189
189
205
205
205
205
205
244
244
244
244
244
325
325
325
325
325
325
632
632
632
632
632
1111
1111
1111
1111
1111
1250
1250
1250
1250
1250
1250
1131
1131
1131
1131
1131
842
842
842
842
842
525
525
525
525
525
525
350
350
350
350
350
269
269
269
269
269
266
266
266
266
266
266
241
241
241
241
241
240
240
240
240
240
266
266
266
266
266
266
266
266
266
266
266
300
300
300
300
300
291
291
291
291
291
291
291
291
291
291
291
314
314
314
314
314
358
358
358
358
358
358
340
340
340
340
340
369
369
369
369
369
366
366
366
366
366
366
355
355
355
355
355
354
354
354
354
354
371
371
371
371
371
371
324
324
324
324
324
316
316
316
316
316
292
292
292
292
292
292
255
255
255
255
255
257
257
257
257
257
237
237
237
237
237
237
225
225
225
225
225
225
225
225
225
225
228
228
228
228
228
228
231
231
231
231
231
228
228
228
228
228
219
219
219
219
219
219
250
250
250
250
250
261
261
261
261
261
238
238
238
238
238
238
264
264
264
264
264
247
247
247
247
247
255
255
255
255
255
255
254
254
254
254
254
263
263
263
263
263
251
251
251
251
251
251
256
256
256
256
256
258
258
258
258
258
254
254
254
254
254
254
276
276
276
276
276
300
300
300
300
300
350
350
350
350
350
350
395
395
395
395
395
423
423
423
423
423
423
423
423
423
423
423
449
449
449
449
449
401
401
401
401
401
334
334
334
334
334
334
285
285
285
285
285
248
248
248
248
248
235
235
235
235
235
235
220
220
220
220
220
219
219
219
219
219
200
200
200
200
200
200
196
196
196
196
196
190
190
190
190
190
186
186
186
186
186
186
190
190
190
190
190
187
187
187
187
187
187
187
187
187
187
187
191
191
191
191
191
188
188
188
188
188
183
183
183
183
183
183
188
188
188
188
188
183
183
183
183
183
183
183
183
183
183
183
184
184
184
184
184
173
173
173
173
173
174
174
174
174
174
174
171
171
171
171
171
173
173
173
173
173
177
177
177
177
177
177
179
179
179
179
179
176
176
176
176
176
175
175
175
175
175
175
185
185
185
185
185
184
184
184
184
184
193
193
193
193
193
193
190
190
190
190
190
189
189
189
189
189
187
187
187
187
187
187
207
207
207
207
207
206
206
206
206
206
198
198
198
198
198
198
204
204
204
204
204
203
203
203
203
203
199
199
199
199
199
199
199
199
199
199
199
198
198
198
198
198
191
191
191
191
191
191
190
190
190
190
190
190
190
190
190
190
192
192
192
192
192
192
196
196
196
196
196
198
198
198
198
198
201
201
201
201
201
201
201
201
201
201
201
209
209
209
209
209
206
206
206
206
206
206
203
203
203
203
203
202
202
202
202
202
198
198
198
198
198
198
197
197
197
197
197
199
199
199
199
199
196
196
196
196
196
196
186
186
186
186
186
186
186
186
186
186
189
189
189
189
189
189
185
185
185
185
185
183
183
183
183
183
186
186
186
186
186
186
186
186
186
186
186
192
192
192
192
192
185
185
185
185
185
185
180
180
180
180
180
188
188
188
188
188
185
185
185
185
185
185
182
182
182
182
182
202
202
202
202
202
184
184
184
184
184
184
190
190
190
190
190
186
186
186
186
186
191
191
191
191
191
191
200
200
200
200
200
199
199
199
199
199
203
203
203
203
203
203
193
193
193
193
193
204
204
204
204
204
202
202
202
202
202
202
197
197
197
197
197
204
204
204
204
204
200
200
200
200
200
200
203
203
203
203
203
191
191
191
191
191
197
197
197
197
197
197
193
193
193
193
193
191
191
191
191
191
196
196
196
196
196
196
185
185
185
185
185
193
193
193
193
193
194
194
194
194
194
194
201
201
201
201
201
190
190
190
190
190
205
205
205
205
205
205
189
189
189
189
189
193
193
193
193
193
204
204
204
204
204
204
205
205
205
205
205
195
195
195
195
195
190
190
190
190
190
190
194
194
194
194
194
193
193
193
193
193
184
184
184
184
184
184
192
192
192
192
192
181
181
181
181
181
186
186
186
186
186
186
185
185
185
185
185
185
185
185
185
185
189
189
189
189
189
189
197
197
197
197
197
192
192
192
192
192
198
198
198
198
198
198
198
198
198
198
198
196
196
196
196
196
194
194
194
194
194
194
203
203
203
203
203
205
205
205
205
205
202
202
202
202
202
202
206
206
206
206
206
207
207
207
207
207
204
204
204
204
204
204
195
195
195
195
195
209
209
209
209
209
202
202
202
202
202
202
212
212
212
212
212
213
213
213
213
213
202
202
202
202
202
202
206
206
206
206
206
205
205
205
205
205
201
201
201
201
201
201
203
203
203
203
203
195
195
195
195
195
202
202
202
202
202
202
199
199
199
199
199
194
194
194
194
194
206
206
206
206
206
206
199
199
199
199
199
191
191
191
191
191
204
204
204
204
204
204
207
207
207
207
207
207
207
207
207
207
211
211
211
211
211
211
214
214
214
214
214
208
208
208
208
208
206
206
206
206
206
206
200
200
200
200
200
202
202
202
202
202
203
203
203
203
203
203
214
214
214
214
214
196
196
196
196
196
195
195
195
195
195
195
195
195
195
195
195
199
199
199
199
199
194
194
194
194
194
194
199
199
199
199
199
193
193
193
193
193
195
195
195
195
195
195
194
194
194
194
194
201
201
201
201
201
204
204
204
204
204
204
209
209
209
209
209
201
201
201
201
201
211
211
211
211
211
211
218
218
218
218
218
213
213
213
213
213
209
209
209
209
209
209
224
224
224
224
224
218
218
218
218
218
215
215
215
215
215
215
211
211
211
211
211
210
210
210
210
210
204
204
204
204
204
204
201
201
201
201
201
194
194
194
194
194
195
195
195
195
195
195
192
192
192
192
192
189
189
189
189
189
188
188
188
188
188
188
196
196
196
196
196
194
194
194
194
194
194
194
194
194
194
194
195
195
195
195
195
197
197
197
197
197
199
199
199
199
199
199
194
194
194
194
194
195
195
195
195
195
203
203
203
203
203
203
206
206
206
206
206
210
210
210
210
210
207
207
207
207
207
207
209
209
209
209
209
210
210
210
210
210
207
207
207
207
207
207
200
200
200
200
200
205
205
205
205
205
208
208
208
208
208
208
206
206
206
206
206
207
207
207
207
207
203
203
203
203
203
203
194
194
194
194
194
200
200
200
200
200
199
199
199
199
199
199
199
199
199
199
199
202
202
202
202
202
205
205
205
205
205
205
209
209
209
209
209
198
198
198
198
198
205
205
205
205
205
205
204
204
204
204
204
205
205
205
205
205
204
204
204
204
204
204
201
201
201
201
201
198
198
198
198
198
203
203
203
203
203
203
201
201
201
201
201
198
198
198
198
198
194
194
194
194
194
194
204
204
204
204
204
198
198
198
198
198
200
200
200
200
200
200
201
201
201
201
201
199
199
199
199
199
199
199
199
199
199
199
198
198
198
198
198
195
195
195
195
195
199
199
199
199
199
199
196
196
196
196
196
202
202
202
202
202
206
206
206
206
206
206
203
203
203
203
203
201
201
201
201
201
200
200
200
200
200
200
202
202
202
202
202
206
206
206
206
206
200
200
200
200
200
200
206
206
206
206
206
211
211
211
211
211
214
214
214
214
214
214
217
217
217
217
217
219
219
219
219
219
226
226
226
226
226
226
232
232
232
232
232
236
236
236
236
236
228
228
228
228
228
228
233
233
233
233
233
224
224
224
224
224
228
228
228
228
228
228
229
229
229
229
229
230
230
230
230
230
229
229
229
229
229
229
213
213
213
213
213
215
215
215
215
215
219
219
219
219
219
219
217
217
217
217
217
215
215
215
215
215
217
217
217
217
217
217
220
220
220
220
220
213
213
213
213
213
217
217
217
217
217
217
216
216
216
216
216
216
216
216
216
216
219
219
219
219
219
219
217
217
217
217
217
221
221
221
221
221
223
223
223
223
223
223
228
228
228
228
228
227
227
227
227
227
235
235
235
235
235
235
247
247
247
247
247
250
250
250
250
250
240
240
240
240
240
240
247
247
247
247
247
234
234
234
234
234
236
236
236
236
236
236
223
223
223
223
223
238
238
238
238
238
229
229
229
229
229
229
235
235
235
235
235
243
243
243
243
243
247
247
247
247
247
247
276
276
276
276
276
292
292
292
292
292
314
314
314
314
314
314
337
337
337
337
337
320
320
320
320
320
314
314
314
314
314
314
286
286
286
286
286
266
266
266
266
266
244
244
244
244
244
244
239
239
239
239
239
221
221
221
221
221
215
215
215
215
215
215
226
226
226
226
226
231
231
231
231
231
236
236
236
236
236
236
257
257
257
257
257
267
267
267
267
267
300
300
300
300
300
300
352
352
352
352
352
377
377
377
377
377
375
375
375
375
375
375
347
347
347
347
347
305
305
305
305
305
283
283
283
283
283
283
260
260
260
260
260
251
251
251
251
251
246
246
246
246
246
246
242
242
242
242
242
243
243
243
243
243
247
247
247
247
247
247
249
249
249
249
249
269
269
269
269
269
288
288
288
288
288
288
325
325
325
325
325
340
340
340
340
340
376
376
376
376
376
376
394
394
394
394
394
391
391
391
391
391
359
359
359
359
359
359
354
354
354
354
354
329
329
329
329
329
319
319
319
319
319
319
309
309
309
309
309
303
303
303
303
303
279
279
279
279
279
279
287
287
287
287
287
298
298
298
298
298
317
317
317
317
317
317
314
314
314
314
314
332
332
332
332
332
318
318
318
318
318
318
328
328
328
328
328
304
304
304
304
304
291
291
291
291
291
291
269
269
269
269
269
243
243
243
243
243
237
237
237
237
237
237
222
222
222
222
222
219
219
219
219
219
214
214
214
214
214
214
211
211
211
211
211
210
210
210
210
210
216
216
216
216
216
216
221
221
221
221
221
229
229
229
229
229
231
231
231
231
231
231
224
224
224
224
224
224
224
224
224
224
221
221
221
221
221
221
225
225
225
225
225
227
227
227
227
227
210
210
210
210
210
210
210
210
210
210
210
211
211
211
211
211
205
205
205
205
205
205
203
203
203
203
203
206
206
206
206
206
196
196
196
196
196
196
202
202
202
202
202
199
199
199
199
199
196
196
196
196
196
196
192
192
192
192
192
202
202
202
202
202
195
195
195
195
195
195
193
193
193
193
193
197
197
197
197
197
199
199
199
199
199
199
191
191
191
191
191
202
202
202
202
202
198
198
198
198
198
198
196
196
196
196
196
195
195
195
195
195
192
192
192
192
192
192
195
195
195
195
195
189
189
189
189
189
181
181
181
181
181
181
187
187
187
187
187
188
188
188
188
188
185
185
185
185
185
185
181
181
181
181
181
188
188
188
188
188
190
190
190
190
190
190
192
192
192
192
192
189
189
189
189
189
193
193
193
193
193
193
195
195
195
195
195
197
197
197
197
197
196
196
196
196
196
196
197
197
197
197
197
192
192
192
192
192
201
201
201
201
201
201
190
190
190
190
190
187
187
187
187
187
194
194
194
194
194
194
189
189
189
189
189
191
191
191
191
191
188
188
188
188
188
188
193
193
193
193
193
194
194
194
194
194
182
182
182
182
182
182
187
187
187
187
187
189
189
189
189
189
201
201
201
201
201
201
199
199
199
199
199
189
189
189
189
189
198
198
198
198
198
198
198
198
198
198
198
188
188
188
188
188
199
199
199
199
199
199
197
197
197
197
197
193
193
193
193
193
197
197
197
197
197
197
197
197
197
197
197
195
195
195
195
195
191
191
191
191
191
191
188
188
188
188
188
188
188
188
188
188
192
192
192
192
192
192
189
189
189
189
189
186
186
186
186
186
190
190
190
190
190
190
193
193
193
193
193
195
195
195
195
195
193
193
193
193
193
193
208
208
208
208
208
196
196
196
196
196
197
197
197
197
197
197
196
196
196
196
196
198
198
198
198
198
195
195
195
195
195
195
198
198
198
198
198
195
195
195
195
195
192
192
192
192
192
192
199
199
199
199
199
195
195
195
195
195
203
203
203
203
203
203
196
196
196
196
196
198
198
198
198
198
208
208
208
208
208
208
202
202
202
202
202
198
198
198
198
198
201
201
201
201
201
201
206
206
206
206
206
195
195
195
195
195
194
194
194
194
194
194
207
207
207
207
207
207
207
207
207
207
199
199
199
199
199
199
200
200
200
200
200
204
204
204
204
204
218
218
218
218
218
218
214
214
214
214
214
216
216
216
216
216
215
215
215
215
215
215
220
220
220
220
220
221
221
221
221
221
217
217
217
217