186
186
186
186
186
186
186
186
186
186
186
184
184
184
184
184
184
191
191
191
191
191
191
191
191
191
191
192
192
192
192
192
192
206
206
206
206
206
200
200
200
200
200
206
206
206
206
206
206
211
211
211
211
211
210
210
210
210
210
210
210
210
210
210
210
202
202
202
202
202
207
207
207
207
207
208
208
208
208
208
208
209
209
209
209
209
214
214
214
214
214
201
201
201
201
201
201
210
210
210
210
210
224
224
224
224
224
223
223
223
223
223
223
238
238
238
238
238
232
232
232
232
232
235
235
235
235
235
235
233
233
233
233
233
224
224
224
224
224
215
215
215
215
215
215
205
205
205
205
205
215
215
215
215
215
220
220
220
220
220
220
214
214
214
214
214
233
233
233
233
233
258
258
258
258
258
258
254
254
254
254
254
292
292
292
292
292
283
283
283
283
283
283
313
313
313
313
313
285
285
285
285
285
334
334
334
334
334
334
299
299
299
299
299
263
263
263
263
263
274
274
274
274
274
274
240
240
240
240
240
241
241
241
241
241
222
222
222
222
222
222
226
226
226
226
226
216
216
216
216
216
214
214
214
214
214
214
225
225
225
225
225
216
216
216
216
216
214
214
214
214
214
214
212
212
212
212
212
215
215
215
215
215
202
202
202
202
202
202
209
209
209
209
209
220
220
220
220
220
204
204
204
204
204
204
207
207
207
207
207
203
203
203
203
203
205
205
205
205
205
205
206
206
206
206
206
214
214
214
214
214
225
225
225
225
225
225
239
239
239
239
239
251
251
251
251
251
267
267
267
267
267
267
280
280
280
280
280
275
275
275
275
275
332
332
332
332
332
332
334
334
334
334
334
326
326
326
326
326
319
319
319
319
319
319
269
269
269
269
269
240
240
240
240
240
232
232
232
232
232
232
222
222
222
222
222
209
209
209
209
209
207
207
207
207
207
207
203
203
203
203
203
201
201
201
201
201
213
213
213
213
213
213
208
208
208
208
208
211
211
211
211
211
220
220
220
220
220
220
223
223
223
223
223
234
234
234
234
234
249
249
249
249
249
249
255
255
255
255
255
276
276
276
276
276
283
283
283
283
283
283
268
268
268
268
268
268
268
268
268
268
257
257
257
257
257
257
249
249
249
249
249
243
243
243
243
243
241
241
241
241
241
241
236
236
236
236
236
237
237
237
237
237
234
234
234
234
234
234
221
221
221
221
221
229
229
229
229
229
221
221
221
221
221
221
220
220
220
220
220
228
228
228
228
228
229
229
229
229
229
229
229
229
229
229
229
218
218
218
218
218
259
259
259
259
259
259
299
299
299
299
299
636
636
636
636
636
1668
1668
1668
1668
1668
1668
3102
3102
3102
3102
3102
4095
4095
4095
4095
4095
4095
4095
4095
4095
4095
4095
4095
4095
4095
4095
4095
4095
4095
4095
4095
4095
4095
4095
4095
4095
4095
4095
3193
3193
3193
3193
3193
1484
1484
1484
1484
1484
311
311
311
311
311
311
220
220
220
220
220
192
192
192
192
192
183
183
183
183
183
183
182
182
182
182
182
177
177
177
177
177
187
187
187
187
187
187
191
191
191
191
191
202
202
202
202
202
249
249
249
249
249
249
347
347
347
347
347
628
628
628
628
628
912
912
912
912
912
912
1032
1032
1032
1032
1032
1019
1019
1019
1019
1019
867
867
867
867
867
867
674
674
674
674
674
438
438
438
438
438
326
326
326
326
326
326
279
279
279
279
279
247
247
247
247
247
233
233
233
233
233
233
225
225
225
225
225
221
221
221
221
221
223
223
223
223
223
223
234
234
234
234
234
236
236
236
236
236
239
239
239
239
239
239
230
230
230
230
230
218
218
218
218
218
209
209
209
209
209
209
214
214
214
214
214
213
213
213
213
213
215
215
215
215
215
215
216
216
216
216
216
217
217
217
217
217
225
225
225
225
225
225
226
226
226
226
226
224
224
224
224
224
228
228
228
228
228
228
226
226
226
226
226
230
230
230
230
230
238
238
238
238
238
238
240
240
240
240
240
248
248
248
248
248
259
259
259
259
259
259
281
281
281
281
281
299
299
299
299
299
291
291
291
291
291
291
294
294
294
294
294
292
292
292
292
292
288
288
288
288
288
288
285
285
285
285
285
292
292
292
292
292
314
314
314
314
314
314
328
328
328
328
328
326
326
326
326
326
293
293
293
293
293
293
266
266
266
266
266
227
227
227
227
227
203
203
203
203
203
203
196
196
196
196
196
183
183
183
183
183
178
178
178
178
178
178
177
177
177
177
177
179
179
179
179
179
176
176
176
176
176
176
184
184
184
184
184
185
185
185
185
185
197
197
197
197
197
197
200
200
200
200
200
216
216
216
216
216
232
232
232
232
232
232
243
243
243
243
243
277
277
277
277
277
313
313
313
313
313
313
414
414
414
414
414
457
457
457
457
457
410
410
410
410
410
410
301
301
301
301
301
243
243
243
243
243
224
224
224
224
224
224
201
201
201
201
201
194
194
194
194
194
182
182
182
182
182
182
180
180
180
180
180
180
180
180
180
180
176
176
176
176
176
176
175
175
175
175
175
183
183
183
183
183
184
184
184
184
184
184
189
189
189
189
189
190
190
190
190
190
198
198
198
198
198
198
207
207
207
207
207
226
226
226
226
226
240
240
240
240
240
240
285
285
285
285
285
385
385
385
385
385
550
550
550
550
550
550
713
713
713
713
713
897
897
897
897
897
998
998
998
998
998
998
1102
1102
1102
1102
1102
1074
1074
1074
1074
1074
953
953
953
953
953
953
770
770
770
770
770
506
506
506
506
506
309
309
309
309
309
309
256
256
256
256
256
224
224
224
224
224
210
210
210
210
210
210
206
206
206
206
206
200
200
200
200
200
202
202
202
202
202
202
195
195
195
195
195
210
210
210
210
210
223
223
223
223
223
223
254
254
254
254
254
245
245
245
245
245
259
259
259
259
259
259
254
254
254
254
254
235
235
235
235
235
212
212
212
212
212
212
209
209
209
209
209
190
190
190
190
190
195
195
195
195
195
195
187
187
187
187
187
188
188
188
188
188
191
191
191
191
191
191
184
184
184
184
184
182
182
182
182
182
188
188
188
188
188
188
188
188
188
188
188
195
195
195
195
195
200
200
200
200
200
200
206
206
206
206
206
210
210
210
210
210
203
203
203
203
203
203
212
212
212
212
212
206
206
206
206
206
200
200
200
200
200
200
191
191
191
191
191
197
197
197
197
197
192
192
192
192
192
192
185
185
185
185
185
180
180
180
180
180
191
191
191
191
191
191
189
189
189
189
189
195
195
195
195
195
196
196
196
196
196
196
195
195
195
195
195
208
208
208
208
208
214
214
214
214
214
214
220
220
220
220
220
242
242
242
242
242
260
260
260
260
260
260
278
278
278
278
278
272
272
272
272
272
287
287
287
287
287
287
268
268
268
268
268
255
255
255
255
255
237
237
237
237
237
237
207
207
207
207
207
206
206
206
206
206
196
196
196
196
196
196
192
192
192
192
192
187
187
187
187
187
185
185
185
185
185
185
187
187
187
187
187
178
178
178
178
178
182
182
182
182
182
182
183
183
183
183
183
188
188
188
188
188
191
191
191
191
191
191
190
190
190
190
190
200
200
200
200
200
198
198
198
198
198
198
199
199
199
199
199
201
201
201
201
201
205
205
205
205
205
205
189
189
189
189
189
194
194
194
194
194
190
190
190
190
190
190
188
188
188
188
188
185
185
185
185
185
181
181
181
181
181
181
178
178
178
178
178
182
182
182
182
182
181
181
181
181
181
181
182
182
182
182
182
181
181
181
181
181
187
187
187
187
187
187
179
179
179
179
179
172
172
172
172
172
173
173
173
173
173
173
177
177
177
177
177
178
178
178
178
178
190
190
190
190
190
190
188
188
188
188
188
183
183
183
183
183
191
191
191
191
191
191
186
186
186
186
186
184
184
184
184
184
189
189
189
189
189
189
189
189
189
189
189
183
183
183
183
183
185
185
185
185
185
185
180
180
180
180
180
178
178
178
178
178
184
184
184
184
184
184
189
189
189
189
189
176
176
176
176
176
179
179
179
179
179
179
186
186
186
186
186
176
176
176
176
176
182
182
182
182
182
182
185
185
185
185
185
184
184
184
184
184
181
181
181
181
181
181
184
184
184
184
184
182
182
182
182
182
185
185
185
185
185
185
193
193
193
193
193
188
188
188
188
188
186
186
186
186
186
186
189
189
189
189
189
177
177
177
177
177
187
187
187
187
187
187
185
185
185
185
185
193
193
193
193
193
191
191
191
191
191
191
184
184
184
184
184
187
187
187
187
187
182
182
182
182
182
182
192
192
192
192
192
185
185
185
185
185
181
181
181
181
181
181
179
179
179
179
179
186
186
186
186
186
183
183
183
183
183
183
188
188
188
188
188
189
189
189
189
189
187
187
187
187
187
187
196
196
196
196
196
192
192
192
192
192
188
188
188
188
188
188
184
184
184
184
184
178
178
178
178
178
183
183
183
183
183
183
181
181
181
181
181
179
179
179
179
179
186
186
186
186
186
186
173
173
173
173
173
184
184
184
184
184
182
182
182
182
182
182
181
181
181
181
181
182
182
182
182
182
184
184
184
184
184
184
186
186
186
186
186
189
189
189
189
189
194
194
194
194
194
194
186
186
186
186
186
198
198
198
198
198
189
189
189
189
189
189
188
188
188
188
188
192
192
192
192
192
188
188
188
188
188
188
185
185
185
185
185
188
188
188
188
188
187
187
187
187
187
187
191
191
191
191
191
184
184
184
184
184
182
182
182
182
182
182
190
190
190
190
190
190
190
190
190
190
185
185
185
185
185
185
182
182
182
182
182
190
190
190
190
190
188
188
188
188
188
188
183
183
183
183
183
192
192
192
192
192
189
189
189
189
189
189
193
193
193
193
193
187
187
187
187
187
192
192
192
192
192
192
193
193
193
193
193
197
197
197
197
197
197
197
197
197
197
197
190
190
190
190
190
187
187
187
187
187
180
180
180
180
180
180
180
180
180
180
180
189
189
189
189
189
185
185
185
185
185
185
184
184
184
184
184
196
196
196
196
196
194
194
194
194
194
194
191
191
191
191
191
196
196
196
196
196
205
205
205
205
205
205
205
205
205
205
205
202
202
202
202
202
209
209
209
209
209
209
208
208
208
208
208
215
215
215
215
215
211
211
211
211
211
211
202
202
202
202
202
223
223
223
223
223
215
215
215
215
215
215
222
222
222
222
222
216
216
216
216
216
218
218
218
218
218
218
204
204
204
204
204
213
213
213
213
213
206
206
206
206
206
206
206
206
206
206
206
212
212
212
212
212
210
210
210
210
210
210
204
204
204
204
204
210
210
210
210
210
202
202
202
202
202
202
206
206
206
206
206
204
204
204
204
204
195
195
195
195
195
195
214
214
214
214
214
216
216
216
216
216
211
211
211
211
211
211
238
238
238
238
238
234
234
234
234
234
232
232
232
232
232
232
227
227
227
227
227
220
220
220
220
220
209
209
209
209
209
209
217
217
217
217
217
214
214
214
214
214
207
207
207
207
207
207
202
202
202
202
202
213
213
213
213
213
217
217
217
217
217
217
210
210
210
210
210
204
204
204
204
204
210
210
210
210
210
210
201
201
201
201
201
217
217
217
217
217
211
211
211
211
211
211
215
215
215
215
215
218
218
218
218
218
224
224
224
224
224
224
221
221
221
221
221
232
232
232
232
232
223
223
223
223
223
223
223
223
223
223
223
230
230
230
230
230
220
220
220
220
220
220
223
223
223
223
223
210
210
210
210
210
218
218
218
218
218
218
209
209
209
209
209
207
207
207
207
207
209
209
209
209
209
209
209
209
209
209
209
208
208
208
208
208
226
226
226
226
226
226
219
219
219
219
219
234
234
234
234
234
247
247
247
247
247
247
257
257
257
257
257
229
229
229
229
229
255
255
255
255
255
255
232
232
232
232
232
231
231
231
231
231
221
221
221
221
221
221
209
209
209
209
209
211
211
211
211
211
211
211
211
211
211
211
221
221
221
221
221
215
215
215
215
215
218
218
218
218
218
218
224
224
224
224
224
224
224
224
224
224
245
245
245
245
245
245
242
242
242
242
242
247
247
247
247
247
251
251
251
251
251
251
253
253
253
253
253
233
233
233
233
233
238
238
238
238
238
238
238
238
238
238
238
229
229
229
229
229
240
240
240
240
240
240
242
242
242
242
242
240
240
240
240
240
218
218
218
218
218
218
228
228
228
228
228
224
224
224
224
224
222
222
222
222
222
222
224
224
224
224
224
215
215
215
215
215
212
212
212
212
212
212
216
216
216
216
216
209
209
209
209
209
217
217
217
217
217
217
215
215
215
215
215
213
213
213
213
213
209
209
209
209
209
209
195
195
195
195
195
207
207
207
207
207
207
207
207
207
207
207
218
218
218
218
218
215
215
215
215
215
223
223
223
223
223
223
225
225
225
225
225
227
227
227
227
227
219
219
219
219
219
219
210
210
210
210
210
216
216
216
216
216
214
214
214
214
214
214
203
203
203
203
203
194
194
194
194
194
206
206
206
206
206
206
206
206
206
206
206
196
196
196
196
196
198
198
198
198
198
198
207
207
207
207
207
194
194
194
194
194
201
201
201
201
201
201
204
204
204
204
204
198
198
198
198
198
198
198
198
198
198
198
210
210
210
210
210
212
212
212
212
212
208
208
208
208
208
208
202
202
202
202
202
211
211
211
211
211
222
222
222
222
222
222
201
201
201
201
201
210
210
210
210
210
204
204
204
204
204
204
198
198
198
198
198
200
200
200
200
200
202
202
202
202
202
202
198
198
198
198
198
202
202
202
202
202
190
190
190
190
190
190
201
201
201
201
201
195
195
195
195
195
192
192
192
192
192
192
194
194
194
194
194
200
200
200
200
200
195
195
195
195
195
195
192
192
192
192
192
200
200
200
200
200
201
201
201
201
201
201
206
206
206
206
206
206
206
206
206
206
214
214
214
214
214
214
219
219
219
219
219
209
209
209
209
209
209
209
209
209
209
209
210
210
210
210
210
206
206
206
206
206
204
204
204
204
204
204
200
200
200
200
200
201
201
201
201
201
201
201
201
201
201
201
196
196
196
196
196
201
201
201
201
201
194
194
194
194
194
194
198
198
198
198
198
198
198
198
198
198
193
193
193
193
193
193
192
192
192
192
192
192
192
192
192
192
198
198
198
198
198
198
189
189
189
189
189
190
190
190
190
190
184
184
184
184
184
184
195
195
195
195
195
186
186
186
186
186
190
190
190
190
190
190
193
193
193
193
193
180
180
180
180
180
189
189
189
189
189
189
200
200
200
200
200
186
186
186
186
186
202
202
202
202
202
202
194
194
194
194
194
198
198
198
198
198
194
194
194
194
194
194
195
195
195
195
195
203
203
203
203
203
189
189
189
189
189
189
202
202
202
202
202
201
201
201
201
201
197
197
197
197
197
197
199
199
199
199
199
196
196
196
196
196
206
206
206
206
206
206
207
207
207
207
207
204
204
204
204
204
195
195
195
195
195
195
205
205
205
205
205
201
201
201
201
201
201
201
201
201
201
201
187
187
187
187
187
208
208
208
208
208
208
208
208
208
208
208
201
201
201
201
201
202
202
202
202
202
205
205
205
205
205
205
202
202
202
202
202
209
209
209
209
209
204
204
204
204
204
204
192
192
192
192
192
201
201
201
201
201
201
201
201
201
201
201
188
188
188
188
188
198
198
198
198
198
198
198
198
198
198
198
200
200
200
200
200
203
203
203
203
203
205
205
205
205
205
205
203
203
203
203
203
206
206
206
206
206
202
202
202
202
202
202
204
204
204
204
204
205
205
205
205
205
198
198
198
198
198
198
199
199
199
199
199
199
199
199
199
199
201
201
201
201
201
201
204
204
204
204
204
198
198
198
198
198
195
195
195
195
195
195
203
203
203
203
203
193
193
193
193
193
212
212
212
212
212
212
205
205
205
205
205
201
201
201
201
201
200
200
200
200
200
200
207
207
207
207
207
202
202
202
202
202
204
204
204
204
204
204
202
202
202
202
202
205
205
205
205
205
198
198
198
198
198
198
205
205
205
205
205
206
206
206
206
206
207
207
207
207
207
207
217
217
217
217
217
218
218
218
218
218
208
208
208
208
208
208
207
207
207
207
207
214
214
214
214
214
209
209
209
209
209
209
205
205
205
205
205
208
208
208
208
208
203
203
203
203
203
203
206
206
206
206
206
210
210
210
210
210
207
207
207
207
207
207
197
197
197
197
197
198
198
198
198
198
205
205
205
205
205
205
214
214
214
214
214
196
196
196
196
196
213
213
213
213
213
213
212
212
212
212
212
210
210
210
210
210
201
201
201
201
201
201
204
204
204
204
204
210
210
210
210
210
199
199
199
199
199
199
197
197
197
197
197
201
201
201
201
201
209
209
209
209
209
209
207
207
207
207
207
211
211
211
211
211
203
203
203
203
203
203
201
201
201
201
201
204
204
204
204
204
203
203
203
203
203
203
208
208
208
208
208
195
195
195
195
195
203
203
203
203
203
203
197
197
197
197
197
208
208
208
208
208
195
195
195
195
195
195
203
203
203
203
203
195
195
195
195
195
210
210
210
210
210
210
198
198
198
198
198
204
204
204
204
204
209
209
209
209
209
209
201
201
201
201
201
206
206
206
206
206
199
199
199
199
199
199
201
201
201
201
201
197
197
197
197
197
195
195
195
195
195
195
197
197
197
197
197
193
193
193
193
193
198
198
198
198
198
198
198
198
198
198
198
198
198
198
198
198
199
199
199
199
199
199
194
194
194
194
194
204
204
204
204
204
209
209
209
209
209
209
207
207
207
207
207
199
199
199
199
199
206
206
206
206
206
206
205
205
205
205
205
201
201
201
201
201
205
205
205
205
205
205
194
194
194
194
194
199
199
199
199
199
204
204
204
204
204
204
198
198
198
198
198
200
200
200
200
200
198
198
198
198
198
198
202
202
202
202
202
190
190
190
190
190
190
190
190
190
190
190
198
198
198
198
198
190
190
190
190
190
195
195
195
195
195
195
194
194
194
194
194
189
189
189
189
189
204
204
204
204
204
204
194
194
194
194
194
206
206
206
206
206
201
201
201
201
201
201
193
193
193
193
193
201
201
201
201
201
196
196
196
196
196
196
201
201
201
201
201
197
197
197
197
197
194
194
194
194
194
194
202
202
202
202
202
199
199
199
199
199
194
194
194
194
194
194
208
208
208
208
208
202
202
202
202
202
195
195
195
195
195
195
191
191
191
191
191
200
200
200
200
200
192
192
192
192
192
192
191
191
191
191
191
191
191
191
191
191
197
197
197
197
197
197
201
201
201
201
201
206
206
206
206
206
204
204
204
204
204
204
201
201
201
201
201
199
199
199
199
199
195
195
195
195
195
195
200
200
200
200
200
203
203
203
203
203
191
191
191
191
191
191
202
202
202
202
202
207
207
207
207
207
207
207
207
207
207
207
195
195
195
195
195
193
193
193
193
193
197
197
197
197
197
197
194
194
194
194
194
197
197
197
197
197
199
199
199
199
199
199
199
199
199
199
199
199
199
199
199
199
194
194
194
194
194
194
196
196
196
196
196
209
209
209
209
209
201
201
201
201
201
201
195
195
195
195
195
202
202
202
202
202
194
194
194
194
194
194
204
204
204
204
204
194
194
194
194
194
206
206
206
206
206
206
197
197
197
197
197
203
203
203
203
203
196
196
196
196
196
196
190
190
190
190
190
201
201
201
201
201
190
190
190
190
190
190
193
193
193
193
193
202
202
202
202
202
201
201
201
201
201
201
207
207
207
207
207
206
206
206
206
206
211
211
211
211
211
211
208
208
208
208
208
206
206
206
206
206
208
208
208
208
208
208
195
195
195
195
195
204
204
204
204
204
204
204
204
204
204
204
206
206
206
206
206
200
200
200
200
200
197
197
197
197
197
197
200
200
200
200
200
194
194
194
194
194
194
194
194
194
194
194
196
196
196
196
196
196
196
196
196
196
198
198
198
198
198
198
197
197
197
197
197
199
199
199
199
199
201
201
201
201
201
201
203
203
203
203
203
188
188
188
188
188
200
200
200
200
200
200
208
208
208
208
208
203
203
203
203
203
218
218
218
218
218
218
210
210
210
210
210
217
217
217
217
217
214
214
214
214
214
214
217
217
217
217
217
209
209
209
209
209
212
212
212
212
212
212
203
203
203
203
203
208
208
208
208
208
206
206
206
206
206
206
207
207
207
207
207
208
208
208
208
208
210
210
210
210
210
210
201
201
201
201
201
205
205
205
205
205
201
201
201
201
201
201
215
215
215
215
215
214
214
214
214
214
205
205
205
205
205
205
217
217
217
217
217
212
212
212
212
212
218
218
218
218
218
218
218
218
218
218
218
204
204
204
204
204
222
222
222
222
222
222
206
206
206
206
206
222
222
222
222
222
212
212
212
212
212
212
209
209
209
209
209
206
206
206
206
206
199
199
199
199
199
199
198
198
198
198
198
199
199
199
199
199
211
211
211
211
211
211
205
205
205
205
205
208
208
208
208
208
198
198
198
198
198
198
202
202
202
202
202
201
201
201
201
201
210
210
210
210
210
210
209
209
209
209
209
198
198
198
198
198
202
202
202
202
202
202
212
212
212
212
212
207
207
207
207
207
216
216
216
216
216
216
203
203
203
203
203
198
198
198
198
198
213
213
213
213
213
213
207
207
207
207
207
219
219
219
219
219
202
202
202
202
202
202
204
204
204
204
204
214
214
214
214
214
208
208
208
208
208
208
205
205
205
205
205
201
201
201
201
201
214
214
214
214
214
214
206
206
206
206
206
211
211
211
211
211
208
208
208
208
208
208
210
210
210
210
210
203
203
203
203
203
216
216
216
216
216
216
207
207
207
207
207
204
204
204
204
204
208
208
208
208
208
208
208
208
208
208
208
213
213
213
213
213
204
204
204
204
204
204
205
205
205
205
205
195
195
195
195
195
200
200
200
200
200
200
196
196
196
196
196
203
203
203
203
203
202
202
202
202
202
202
218
218
218
218
218
207
207
207
207
207
217
217
217
217
217
217
199
199
199
199
199
210
210
210
210
210
205
205
205
205
205
205
213
213
213
213
213
204
204
204
204
204
204
204
204
204
204
204
207
207
207
207
207
199
199
199
199
199
209
209
209
209
209
209
200
200
200
200
200
202
202
202
202
202
193
193
193
193
193
193
204
204
204
204
204
195
195
195
195
195
203
203
203
203
203
203
199
199
199
199
199
204
204
204
204
204
215
215
215
215
215
215
198
198
198
198
198
204
204
204
204
204
200
200
200
200
200
200
200
200
200
200
200
206