214
214
214
214
217
217
217
217
217
216
216
216
216
216
216
218
218
218
218
218
213
213
213
213
213
214
214
214
214
214
214
217
217
217
217
217
206
206
206
206
206
221
221
221
221
221
221
207
207
207
207
207
213
213
213
213
213
207
207
207
207
207
207
210
210
210
210
210
211
211
211
211
211
216
216
216
216
216
216
206
206
206
206
206
213
213
213
213
213
216
216
216
216
216
216
209
209
209
209
209
215
215
215
215
215
217
217
217
217
217
217
215
215
215
215
215
210
210
210
210
210
211
211
211
211
211
211
207
207
207
207
207
221
221
221
221
221
206
206
206
206
206
206
215
215
215
215
215
215
215
215
215
215
207
207
207
207
207
207
208
208
208
208
208
214
214
214
214
214
211
211
211
211
211
211
211
211
211
211
211
215
215
215
215
215
214
214
214
214
214
214
208
208
208
208
208
216
216
216
216
216
216
216
216
216
216
216
216
216
216
216
216
207
207
207
207
207
217
217
217
217
217
217
207
207
207
207
207
201
201
201
201
201
202
202
202
202
202
202
205
205
205
205
205
219
219
219
219
219
204
204
204
204
204
204
210
210
210
210
210
214
214
214
214
214
213
213
213
213
213
213
217
217
217
217
217
209
209
209
209
209
206
206
206
206
206
206
208
208
208
208
208
205
205
205
205
205
211
211
211
211
211
211
210
210
210
210
210
215
215
215
215
215
205
205
205
205
205
205
221
221
221
221
221
224
224
224
224
224
213
213
213
213
213
213
207
207
207
207
207
211
211
211
211
211
205
205
205
205
205
205
214
214
214
214
214
210
210
210
210
210
215
215
215
215
215
215
220
220
220
220
220
213
213
213
213
213
216
216
216
216
216
216
204
204
204
204
204
211
211
211
211
211
209
209
209
209
209
209
218
218
218
218
218
207
207
207
207
207
216
216
216
216
216
216
219
219
219
219
219
210
210
210
210
210
215
215
215
215
215
215
213
213
213
213
213
209
209
209
209
209
209
209
209
209
209
209
222
222
222
222
222
220
220
220
220
220
200
200
200
200
200
200
214
214
214
214
214
209
209
209
209
209
210
210
210
210
210
210
218
218
218
218
218
218
218
218
218
218
208
208
208
208
208
208
212
212
212
212
212
208
208
208
208
208
211
211
211
211
211
211
209
209
209
209
209
212
212
212
212
212
211
211
211
211
211
211
216
216
216
216
216
220
220
220
220
220
216
216
216
216
216
216
207
207
207
207
207
211
211
211
211
211
211
211
211
211
211
211
220
220
220
220
220
216
216
216
216
216
215
215
215
215
215
215
212
212
212
212
212
204
204
204
204
204
206
206
206
206
206
206
220
220
220
220
220
208
208
208
208
208
211
211
211
211
211
211
213
213
213
213
213
215
215
215
215
215
211
211
211
211
211
211
215
215
215
215
215
217
217
217
217
217
209
209
209
209
209
209
206
206
206
206
206
215
215
215
215
215
217
217
217
217
217
217
206
206
206
206
206
211
211
211
211
211
202
202
202
202
202
202
215
215
215
215
215
211
211
211
211
211
213
213
213
213
213
213
205
205
205
205
205
205
205
205
205
205
215
215
215
215
215
215
223
223
223
223
223
213
213
213
213
213
218
218
218
218
218
218
211
211
211
211
211
203
203
203
203
203
215
215
215
215
215
215
209
209
209
209
209
210
210
210
210
210
217
217
217
217
217
217
202
202
202
202
202
206
206
206
206
206
210
210
210
210
210
210
216
216
216
216
216
210
210
210
210
210
210
210
210
210
210
210
211
211
211
211
211
200
200
200
200
200
218
218
218
218
218
218
205
205
205
205
205
206
206
206
206
206
210
210
210
210
210
210
210
210
210
210
210
208
208
208
208
208
208
208
208
208
208
208
213
213
213
213
213
220
220
220
220
220
210
210
210
210
210
210
211
211
211
211
211
209
209
209
209
209
218
218
218
218
218
218
211
211
211
211
211
211
211
211
211
211
212
212
212
212
212
212
211
211
211
211
211
211
211
211
211
211
211
211
211
211
211
211
201
201
201
201
201
210
210
210
210
210
206
206
206
206
206
206
218
218
218
218
218
221
221
221
221
221
211
211
211
211
211
211
208
208
208
208
208
203
203
203
203
203
217
217
217
217
217
217
215
215
215
215
215
218
218
218
218
218
211
211
211
211
211
211
214
214
214
214
214
211
211
211
211
211
210
210
210
210
210
210
210
210
210
210
210
213
213
213
213
213
213
213
213
213
213
213
208
208
208
208
208
212
212
212
212
212
214
214
214
214
214
214
210
210
210
210
210
207
207
207
207
207
215
215
215
215
215
215
206
206
206
206
206
201
201
201
201
201
207
207
207
207
207
207
212
212
212
212
212
207
207
207
207
207
206
206
206
206
206
206
207
207
207
207
207
214
214
214
214
214
211
211
211
211
211
211
214
214
214
214
214
210
210
210
210
210
204
204
204
204
204
204
212
212
212
212
212
212
212
212
212
212
208
208
208
208
208
208
205
205
205
205
205
205
205
205
205
205
206
206
206
206
206
206
194
194
194
194
194
203
203
203
203
203
214
214
214
214
214
214
201
201
201
201
201
214
214
214
214
214
211
211
211
211
211
211
202
202
202
202
202
204
204
204
204
204
214
214
214
214
214
214
215
215
215
215
215
213
213
213
213
213
194
194
194
194
194
194
213
213
213
213
213
211
211
211
211
211
208
208
208
208
208
208
206
206
206
206
206
203
203
203
203
203
204
204
204
204
204
204
200
200
200
200
200
203
203
203
203
203
209
209
209
209
209
209
205
205
205
205
205
207
207
207
207
207
207
207
207
207
207
207
207
207
207
207
207
196
196
196
196
196
206
206
206
206
206
206
207
207
207
207
207
210
210
210
210
210
203
203
203
203
203
203
206
206
206
206
206
203
203
203
203
203
203
203
203
203
203
203
194
194
194
194
194
207
207
207
207
207
199
199
199
199
199
199
208
208
208
208
208
207
207
207
207
207
204
204
204
204
204
204
199
199
199
199
199
198
198
198
198
198
193
193
193
193
193
193
199
199
199
199
199
197
197
197
197
197
193
193
193
193
193
193
198
198
198
198
198
198
198
198
198
198
192
192
192
192
192
192
199
199
199
199
199
193
193
193
193
193
197
197
197
197
197
197
193
193
193
193
193
196
196
196
196
196
200
200
200
200
200
200
189
189
189
189
189
190
190
190
190
190
193
193
193
193
193
193
191
191
191
191
191
192
192
192
192
192
185
185
185
185
185
185
186
186
186
186
186
186
186
186
186
186
184
184
184
184
184
184
193
193
193
193
193
195
195
195
195
195
209
209
209
209
209
209
217
217
217
217
217
233
233
233
233
233
227
227
227
227
227
227
225
225
225
225
225
240
240
240
240
240
211
211
211
211
211
211
226
226
226
226
226
193
193
193
193
193
199
199
199
199
199
199
184
184
184
184
184
189
189
189
189
189
183
183
183
183
183
183
177
177
177
177
177
182
182
182
182
182
178
178
178
178
178
178
182
182
182
182
182
189
189
189
189
189
192
192
192
192
192
192
197
197
197
197
197
225
225
225
225
225
231
231
231
231
231
231
241
241
241
241
241
254
254
254
254
254
249
249
249
249
249
249
225
225
225
225
225
220
220
220
220
220
207
207
207
207
207
207
189
189
189
189
189
186
186
186
186
186
179
179
179
179
179
179
178
178
178
178
178
177
177
177
177
177
176
176
176
176
176
176
178
178
178
178
178
186
186
186
186
186
192
192
192
192
192
192
201
201
201
201
201
202
202
202
202
202
201
201
201
201
201
201
222
222
222
222
222
226
226
226
226
226
250
250
250
250
250
250
264
264
264
264
264
310
310
310
310
310
385
385
385
385
385
385
619
619
619
619
619
917
917
917
917
917
1179
1179
1179
1179
1179
1179
1138
1138
1138
1138
1138
830
830
830
830
830
425
425
425
425
425
425
274
274
274
274
274
224
224
224
224
224
205
205
205
205
205
205
197
197
197
197
197
194
194
194
194
194
200
200
200
200
200
200
204
204
204
204
204
231
231
231
231
231
285
285
285
285
285
285
406
406
406
406
406
773
773
773
773
773
1075
1075
1075
1075
1075
1075
1224
1224
1224
1224
1224
1042
1042
1042
1042
1042
677
677
677
677
677
677
337
337
337
337
337
265
265
265
265
265
228
228
228
228
228
228
214
214
214
214
214
218
218
218
218
218
202
202
202
202
202
202
213
213
213
213
213
218
218
218
218
218
262
262
262
262
262
262
358
358
358
358
358
813
813
813
813
813
1637
1637
1637
1637
1637
1637
2403
2403
2403
2403
2403
2987
2987
2987
2987
2987
3313
3313
3313
3313
3313
3313
3457
3457
3457
3457
3457
3286
3286
3286
3286
3286
3075
3075
3075
3075
3075
3075
2776
2776
2776
2776
2776
2436
2436
2436
2436
2436
2050
2050
2050
2050
2050
2050
1581
1581
1581
1581
1581
1150
1150
1150
1150
1150
761
761
761
761
761
761
484
484
484
484
484
373
373
373
373
373
377
377
377
377
377
377
387
387
387
387
387
444
444
444
444
444
558
558
558
558
558
558
804
804
804
804
804
1119
1119
1119
1119
1119
1512
1512
1512
1512
1512
1512
1906
1906
1906
1906
1906
2252
2252
2252
2252
2252
2513
2513
2513
2513
2513
2513
2625
2625
2625
2625
2625
2614
2614
2614
2614
2614
2493
2493
2493
2493
2493
2493
2280
2280
2280
2280
2280
1959
1959
1959
1959
1959
1652
1652
1652
1652
1652
1652
1392
1392
1392
1392
1392
1210
1210
1210
1210
1210
1011
1011
1011
1011
1011
1011
781
781
781
781
781
592
592
592
592
592
457
457
457
457
457
457
352
352
352
352
352
310
310
310
310
310
293
293
293
293
293
293
295
295
295
295
295
280
280
280
280
280
281
281
281
281
281
281
296
296
296
296
296
315
315
315
315
315
307
307
307
307
307
307
327
327
327
327
327
299
299
299
299
299
281
281
281
281
281
281
267
267
267
267
267
256
256
256
256
256
250
250
250
250
250
250
232
232
232
232
232
231
231
231
231
231
228
228
228
228
228
228
236
236
236
236
236
248
248
248
248
248
276
276
276
276
276
276
307
307
307
307
307
378
378
378
378
378
460
460
460
460
460
460
535
535
535
535
535
521
521
521
521
521
425
425
425
425
425
425
367
367
367
367
367
290
290
290
290
290
252
252
252
252
252
252
235
235
235
235
235
231
231
231
231
231
223
223
223
223
223
223
221
221
221
221
221
230
230
230
230
230
250
250
250
250
250
250
252
252
252
252
252
291
291
291
291
291
350
350
350
350
350
350
393
393
393
393
393
410
410
410
410
410
399
399
399
399
399
399
335
335
335
335
335
279
279
279
279
279
249
249
249
249
249
249
229
229
229
229
229
219
219
219
219
219
202
202
202
202
202
202
197
197
197
197
197
199
199
199
199
199
191
191
191
191
191
191
196
196
196
196
196
197
197
197
197
197
202
202
202
202
202
202
205
205
205
205
205
208
208
208
208
208
212
212
212
212
212
212
225
225
225
225
225
236
236
236
236
236
230
230
230
230
230
230
237
237
237
237
237
240
240
240
240
240
239
239
239
239
239
239
235
235
235
235
235
234
234
234
234
234
240
240
240
240
240
240
244
244
244
244
244
230
230
230
230
230
236
236
236
236
236
236
228
228
228
228
228
210
210
210
210
210
213
213
213
213
213
213
198
198
198
198
198
192
192
192
192
192
195
195
195
195
195
195
189
189
189
189
189
188
188
188
188
188
192
192
192
192
192
192
201
201
201
201
201
200
200
200
200
200
201
201
201
201
201
201
210
210
210
210
210
214
214
214
214
214
217
217
217
217
217
217
219
219
219
219
219
220
220
220
220
220
216
216
216
216
216
216
218
218
218
218
218
203
203
203
203
203
202
202
202
202
202
202
193
193
193
193
193
194
194
194
194
194
197
197
197
197
197
197
199
199
199
199
199
201
201
201
201
201
199
199
199
199
199
199
205
205
205
205
205
203
203
203
203
203
210
210
210
210
210
210
207
207
207
207
207
212
212
212
212
212
207
207
207
207
207
207
206
206
206
206
206
202
202
202
202
202
200
200
200
200
200
200
202
202
202
202
202
211
211
211
211
211
206
206
206
206
206
206
204
204
204
204
204
218
218
218
218
218
221
221
221
221
221
221
222
222
222
222
222
217
217
217
217
217
208
208
208
208
208
208
205
205
205
205
205
201
201
201
201
201
203
203
203
203
203
203
198
198
198
198
198
196
196
196
196
196
203
203
203
203
203
203
200
200
200
200
200
208
208
208
208
208
216
216
216
216
216
216
213
213
213
213
213
224
224
224
224
224
233
233
233
233
233
233
245
245
245
245
245
252
252
252
252
252
263
263
263
263
263
263
269
269
269
269
269
250
250
250
250
250
265
265
265
265
265
265
257
257
257
257
257
251
251
251
251
251
245
245
245
245
245
245
232
232
232
232
232
233
233
233
233
233
229
229
229
229
229
229
217
217
217
217
217
204
204
204
204
204
209
209
209
209
209
209
210
210
210
210
210
201
201
201
201
201
201
201
201
201
201
201
201
201
201
201
201
202
202
202
202
202
205
205
205
205
205
205
208
208
208
208
208
213
213
213
213
213
223
223
223
223
223
223
234
234
234
234
234
237
237
237
237
237
255
255
255
255
255
255
257
257
257
257
257
252
252
252
252
252
260
260
260
260
260
260
255
255
255
255
255
246
246
246
246
246
235
235
235
235
235
235
217
217
217
217
217
212
212
212
212
212
213
213
213
213
213
213
206
206
206
206
206
212
212
212
212
212
212
212
212
212
212
212
212
212
212
212
212
222
222
222
222
222
219
219
219
219
219
219
235
235
235
235
235
241
241
241
241
241
240
240
240
240
240
240
254
254
254
254
254
238
238
238
238
238
225
225
225
225
225
225
212
212
212
212
212
210
210
210
210
210
201
201
201
201
201
201
198
198
198
198
198
192
192
192
192
192
190
190
190
190
190
190
189
189
189
189
189
193
193
193
193
193
190
190
190
190
190
190
206
206
206
206
206
211
211
211
211
211
214
214
214
214
214
214
221
221
221
221
221
216
216
216
216
216
226
226
226
226
226
226
224
224
224
224
224
223
223
223
223
223
220
220
220
220
220
220
218
218
218
218
218
211
211
211
211
211
208
208
208
208
208
208
207
207
207
207
207
214
214
214
214
214
216
216
216
216
216
216
221
221
221
221
221
217
217
217
217
217
207
207
207
207
207
207
228
228
228
228
228
220
220
220
220
220
228
228
228
228
228
228
231
231
231
231
231
237
237
237
237
237
230
230
230
230
230
230
225
225
225
225
225
221
221
221
221
221
223
223
223
223
223
223
216
216
216
216
216
213
213
213
213
213
214
214
214
214
214
214
209
209
209
209
209
222
222
222
222
222
211
211
211
211
211
211
208
208
208
208
208
215
215
215
215
215
208
208
208
208
208
208
205
205
205
205
205
202
202
202
202
202
209
209
209
209
209
209
203
203
203
203
203
206
206
206
206
206
204
204
204
204
204
204
213
213
213
213
213
207
207
207
207
207
209
209
209
209
209
209
198
198
198
198
198
217
217
217
217
217
215
215
215
215
215
215
203
203
203
203
203
214
214
214
214
214
205
205
205
205
205
205
205
205
205
205
205
203
203
203
203
203
197
197
197
197
197
197
211
211
211
211
211
202
202
202
202
202
210
210
210
210
210
210
214
214
214
214
214
221
221
221
221
221
213
213
213
213
213
213
218
218
218
218
218
213
213
213
213
213
227
227
227
227
227
227
226
226
226
226
226
231
231
231
231
231
224
224
224
224
224
224
216
216
216
216
216
218
218
218
218
218
206
206
206
206
206
206
201
201
201
201
201
202
202
202
202
202
197
197
197
197
197
197
197
197
197
197
197
198
198
198
198
198
201
201
201
201
201
201
191
191
191
191
191
197
197
197
197
197
196
196
196
196
196
196
195
195
195
195
195
201
201
201
201
201
204
204
204
204
204
204
206
206
206
206
206
201
201
201
201
201
207
207
207
207
207
207
212
212
212
212
212
199
199
199
199
199
196
196
196
196
196
196
206
206
206
206
206
203
203
203
203
203
204
204
204
204
204
204
195
195
195
195
195
195
195
195
195
195
199
199
199
199
199
199
194
194
194
194
194
194
194
194
194
194
196
196
196
196
196
196
196
196
196
196
196
188
188
188
188
188
191
191
191
191
191
191
196
196
196
196
196
193
193
193
193
193
190
190
190
190
190
190
204
204
204
204
204
195
195
195
195
195
198
198
198
198
198
198
208
208
208
208
208
208
208
208
208
208
208
208
208
208
208
208
216
216
216
216
216
213
213
213
213
213
216
216
216
216
216
216
213
213
213
213
213
224
224
224
224
224
217
217
217
217
217
217
210
210
210
210
210
206
206
206
206
206
212
212
212
212
212
212
211
211
211
211
211
201
201
201
201
201
208
208
208
208
208
208
196
196
196
196
196
210
210
210
210
210
203
203
203
203
203
203
201
201
201
201
201
201
201
201
201
201
207
207
207
207
207
207
202
202
202
202
202
202
202
202
202
202
208
208
208
208
208
208
207
207
207
207
207
213
213
213
213
213
206
206
206
206
206
206
217
217
217
217
217
219
219
219
219
219
217
217
217
217
217
217
224
224
224
224
224
232
232
232
232
232
235
235
235
235
235
235
215
215
215
215
215
249
249
249
249
249
241
241
241
241
241
241
218
218
218
218
218
213
213
213
213
213
219
219
219
219
219
219
212
212
212
212
212
204
204
204
204
204
209
209
209
209
209
209
192
192
192
192
192
205
205
205
205
205
202
202
202
202
202
202
206
206
206
206
206
218
218
218
218
218
228
228
228
228
228
228
235
235
235
235
235
251
251
251
251
251
281
281
281
281
281
281
279
279
279
279
279
296
296
296
296
296
283
283
283
283
283
283
282
282
282
282
282
261
261
261
261
261
249
249
249
249
249
249
236
236
236
236
236
224
224
224
224
224
219
219
219
219
219
219
224
224
224
224
224
217
217
217
217
217
217
217
217
217
217
217
217
217
217
217
217
225
225
225
225
225
229
229
229
229
229
229
240
240
240
240
240
240
240
240
240
240
241
241
241
241
241
241
251
251
251
251
251
249
249
249
249
249
246
246
246
246
246
246
248
248
248
248
248
245
245
245
245
245
248
248
248
248
248
248
243
243
243
243
243
256
256
256
256
256
236
236
236
236
236
236
259
259
259
259
259
252
252
252
252
252
268
268
268
268
268
268
262
262
262
262
262
272
272
272
272
272
239
239
239
239
239
239
242
242
242
242
242
228
228
228
228
228
232
232
232
232
232
232
218
218
218
218
218
224
224
224
224
224
218
218
218
218
218
218
227
227
227
227
227
232
232
232
232
232
234
234
234
234
234
234
235
235
235
235
235
238
238
238
238
238
261
261
261
261
261
261
271
271
271
271
271
259
259
259
259
259
250
250
250
250
250
250
243
243
243
243
243
234
234
234
234
234
239
239
239
239
239
239
228
228
228
228
228
217
217
217
217
217
216
216
216
216
216
216
211
211
211
211
211
204
204
204
204
204
216
216
216
216
216
216
213
213
213
213
213
214
214
214
214
214
213
213
213
213
213
213
215
215
215
215
215
199
199
199
199
199
207
207
207
207
207
207
208
208
208
208
208
220
220
220
220
220
217
217
217
217
217
217
206
206
206
206
206
212
212
212
212
212
215
215
215
215
215
215
226
226
226
226
226
220
220
220
220
220
219
219
219
219
219
219
211
211
211
211
211
224
224
224
224
224
220
220
220
220
220
220
217
217
217
217
217
202
202
202
202
202
209
209
209
209
209
209
212
212
212
212
212
216
216
216
216
216
200
200
200
200
200
200
189
189
189
189
189
204
204
204
204
204
202
202
202
202
202
202
210
210
210
210
210
210
210
210
210
210
211
211
211
211
211
211
205
205
205
205
205
211
211
211
211
211
206
206
206
206
206
206
207
207
207
207
207
205
205
205
205
205
202
202
202
202
202
202
212
212
212
212
212
207
207
207
207
207
217
217
217
217
217
217
210
210
210
210
210
206
206
206
206
206
210
210
210
210
210
210
205
205
205
205
205
205
205
205
205
205
210
210
210
210
210
210
203
203
203
203
203
207
207
207
207
207
204
204
204
204
204
204
206
206
206
206
206
201
201
201
201
201
195
195
195
195
195
195
203
203
203
203
203
199
199
199
199
199
196
196
196
196
196
196
202
202
202
202
202
206
206
206
206
206
204
204
204
204
204
204
207
207
207
207
207
198
198
198
198
198
203
203
203
203
203
203
201
201
201
201
201
206
206
206
206
206
204
204
204
204
204
204
201
201
201
201
201
206
206
206
206
206
209
209
209
209
209
209
218
218
218
218
218
210
210
210
210
210
205
205
205
205
205
205
200
200
200
200
200
208
208
208
208
208
203
203
203
203
203
203
198
198
198
198
198
203
203
203
203
203
204
204
204
204
204
204
200
200
200
200
200
206
206
206
206
206
204
204
204
204
204
204
199
199
199
199
199
210
210
210
210
210
203
203
203
203
203
203
201
201
201
201
201
214
214
214
214
214
211
211
211
211
211
211
211
211
211
211
211
204
204
204
204
204
207
207
207
207
207
207
212
212
212
212
212
209
209
209
209
209
211
211
211
211
211
211
217
217
217
217
217
231
231
231
231
231
212
212
212
212
212
212
209
209
209
209
209
214
214
214
214
214
212
212
212
212
212
212
209
209
209
209
209
208
208
208
208
208
213
213
213
213
213
213
201
201
201
201
201
210
210
210
210
210
210
210
210
210
210
210
213
213
213
213
213
218
218
218
218
218
215
215
215
215
215
215
217
217
217
217
217
222
222
222
222
222
222
222
222
222
222
222
219
219
219
219
219
221
221
221
221
221
227
227
227
227
227
227
220
220
220
220
220
221
221
221
221
221
234
234
234
234
234
234
228
228
228
228
228
223
223
223
223
223
227
227
227
227
227
227
224
224
224
224
224
220
220
220
220
220
213
213
213
213
213
213
207
207
207
207
207
211
211
211
211
211
211
211
211
211
211
211
212
212
212
212
212
223
223
223
223
223
227
227
227
227
227
227
214
214
214
214
214
221
221
221
221
221
240
240
240
240
240
240
248
248
248
248
248
257
257
257
257
257
239
239
239
239
239
239
235
235
235
235
235
235
235
235
235
235
221
221
221
221
221
221
220
220
220
220
220
228
228
228
228
228
222
222
222
222
222
222
219
219
219
219
219
224
224
224
224
224
230
230
230
230
230
230
216
216
216
216
216
232
232
232
232
232
237
237
237
237
237
237
233
233
233
233
233
223
223
223
223
223
219
219
219
219
219
219
218
218
218
218
218
222
222
222
222
222
225
225
225
225
225
225
227
227
227
227
227
227
227
227