209
209
209
211
211
211
211
211
211
205
205
205
205
205
195
195
195
195
195
206
206
206
206
206
206
195
195
195
195
195
194
194
194
194
194
193
193
193
193
193
193
196
196
196
196
196
202
202
202
202
202
198
198
198
198
198
198
202
202
202
202
202
207
207
207
207
207
199
199
199
199
199
199
202
202
202
202
202
213
213
213
213
213
207
207
207
207
207
207
216
216
216
216
216
221
221
221
221
221
222
222
222
222
222
222
213
213
213
213
213
222
222
222
222
222
205
205
205
205
205
205
214
214
214
214
214
212
212
212
212
212
200
200
200
200
200
200
198
198
198
198
198
199
199
199
199
199
205
205
205
205
205
205
200
200
200
200
200
196
196
196
196
196
198
198
198
198
198
198
198
198
198
198
198
190
190
190
190
190
190
190
190
190
190
190
199
199
199
199
199
193
193
193
193
193
198
198
198
198
198
198
199
199
199
199
199
208
208
208
208
208
229
229
229
229
229
229
214
214
214
214
214
240
240
240
240
240
236
236
236
236
236
236
228
228
228
228
228
214
214
214
214
214
206
206
206
206
206
206
197
197
197
197
197
200
200
200
200
200
186
186
186
186
186
186
197
197
197
197
197
190
190
190
190
190
207
207
207
207
207
207
216
216
216
216
216
229
229
229
229
229
252
252
252
252
252
252
250
250
250
250
250
250
250
250
250
250
213
213
213
213
213
213
220
220
220
220
220
189
189
189
189
189
197
197
197
197
197
197
193
193
193
193
193
188
188
188
188
188
182
182
182
182
182
182
182
182
182
182
182
185
185
185
185
185
188
188
188
188
188
188
194
194
194
194
194
208
208
208
208
208
218
218
218
218
218
218
245
245
245
245
245
268
268
268
268
268
304
304
304
304
304
304
286
286
286
286
286
246
246
246
246
246
217
217
217
217
217
217
199
199
199
199
199
197
197
197
197
197
183
183
183
183
183
183
187
187
187
187
187
188
188
188
188
188
184
184
184
184
184
184
183
183
183
183
183
187
187
187
187
187
193
193
193
193
193
193
197
197
197
197
197
204
204
204
204
204
220
220
220
220
220
220
218
218
218
218
218
229
229
229
229
229
270
270
270
270
270
270
333
333
333
333
333
367
367
367
367
367
466
466
466
466
466
466
459
459
459
459
459
473
473
473
473
473
378
378
378
378
378
378
285
285
285
285
285
250
250
250
250
250
219
219
219
219
219
219
209
209
209
209
209
214
214
214
214
214
205
205
205
205
205
205
208
208
208
208
208
217
217
217
217
217
228
228
228
228
228
228
243
243
243
243
243
280
280
280
280
280
284
284
284
284
284
284
253
253
253
253
253
217
217
217
217
217
197
197
197
197
197
197
184
184
184
184
184
187
187
187
187
187
184
184
184
184
184
184
176
176
176
176
176
179
179
179
179
179
190
190
190
190
190
190
186
186
186
186
186
193
193
193
193
193
214
214
214
214
214
214
244
244
244
244
244
285
285
285
285
285
344
344
344
344
344
344
417
417
417
417
417
438
438
438
438
438
498
498
498
498
498
498
596
596
596
596
596
720
720
720
720
720
890
890
890
890
890
890
1220
1220
1220
1220
1220
1830
1830
1830
1830
1830
2619
2619
2619
2619
2619
2619
3481
3481
3481
3481
3481
4095
4095
4095
4095
4095
4095
4095
4095
4095
4095
4095
4095
4095
4095
4095
4095
4095
4095
4095
4095
4095
4095
4095
4095
4095
4095
4095
4074
4074
4074
4074
4074
2907
2907
2907
2907
2907
1592
1592
1592
1592
1592
1592
499
499
499
499
499
256
256
256
256
256
220
220
220
220
220
220
205
205
205
205
205
207
207
207
207
207
228
228
228
228
228
228
273
273
273
273
273
513
513
513
513
513
1542
1542
1542
1542
1542
1542
2840
2840
2840
2840
2840
4048
4048
4048
4048
4048
4095
4095
4095
4095
4095
4095
4095
4095
4095
4095
4095
4095
4095
4095
4095
4095
4095
4095
4095
4095
4095
4095
3613
3613
3613
3613
3613
2345
2345
2345
2345
2345
912
912
912
912
912
912
265
265
265
265
265
213
213
213
213
213
196
196
196
196
196
196
185
185
185
185
185
180
180
180
180
180
178
178
178
178
178
178
180
180
180
180
180
185
185
185
185
185
191
191
191
191
191
191
200
200
200
200
200
208
208
208
208
208
242
242
242
242
242
242
317
317
317
317
317
487
487
487
487
487
586
586
586
586
586
586
545
545
545
545
545
428
428
428
428
428
318
318
318
318
318
318
291
291
291
291
291
256
256
256
256
256
253
253
253
253
253
253
275
275
275
275
275
308
308
308
308
308
453
453
453
453
453
453
758
758
758
758
758
1145
1145
1145
1145
1145
1497
1497
1497
1497
1497
1497
1651
1651
1651
1651
1651
1651
1651
1651
1651
1651
1403
1403
1403
1403
1403
1403
1011
1011
1011
1011
1011
535
535
535
535
535
328
328
328
328
328
328
269
269
269
269
269
245
245
245
245
245
230
230
230
230
230
230
213
213
213
213
213
203
203
203
203
203
205
205
205
205
205
205
196
196
196
196
196
204
204
204
204
204
206
206
206
206
206
206
210
210
210
210
210
220
220
220
220
220
231
231
231
231
231
231
249
249
249
249
249
258
258
258
258
258
274
274
274
274
274
274
256
256
256
256
256
250
250
250
250
250
229
229
229
229
229
229
216
216
216
216
216
208
208
208
208
208
199
199
199
199
199
199
197
197
197
197
197
189
189
189
189
189
189
189
189
189
189
189
188
188
188
188
188
189
189
189
189
189
192
192
192
192
192
192
186
186
186
186
186
193
193
193
193
193
190
190
190
190
190
190
191
191
191
191
191
190
190
190
190
190
193
193
193
193
193
193
186
186
186
186
186
186
186
186
186
186
186
186
186
186
186
186
187
187
187
187
187
188
188
188
188
188
191
191
191
191
191
191
187
187
187
187
187
187
187
187
187
187
180
180
180
180
180
180
180
180
180
180
180
181
181
181
181
181
176
176
176
176
176
176
177
177
177
177
177
186
186
186
186
186
188
188
188
188
188
188
185
185
185
185
185
184
184
184
184
184
188
188
188
188
188
188
189
189
189
189
189
187
187
187
187
187
184
184
184
184
184
184
182
182
182
182
182
183
183
183
183
183
181
181
181
181
181
181
181
181
181
181
181
176
176
176
176
176
181
181
181
181
181
181
183
183
183
183
183
188
188
188
188
188
188
188
188
188
188
188
195
195
195
195
195
193
193
193
193
193
192
192
192
192
192
192
195
195
195
195
195
190
190
190
190
190
190
190
190
190
190
190
187
187
187
187
187
184
184
184
184
184
187
187
187
187
187
187
183
183
183
183
183
182
182
182
182
182
184
184
184
184
184
184
183
183
183
183
183
176
176
176
176
176
180
180
180
180
180
180
180
180
180
180
180
181
181
181
181
181
176
176
176
176
176
176
172
172
172
172
172
172
172
172
172
172
174
174
174
174
174
174
175
175
175
175
175
174
174
174
174
174
176
176
176
176
176
176
181
181
181
181
181
177
177
177
177
177
178
178
178
178
178
178
174
174
174
174
174
177
177
177
177
177
187
187
187
187
187
187
180
180
180
180
180
183
183
183
183
183
186
186
186
186
186
186
182
182
182
182
182
186
186
186
186
186
185
185
185
185
185
185
186
186
186
186
186
184
184
184
184
184
186
186
186
186
186
186
180
180
180
180
180
179
179
179
179
179
181
181
181
181
181
181
180
180
180
180
180
180
180
180
180
180
175
175
175
175
175
175
180
180
180
180
180
178
178
178
178
178
188
188
188
188
188
188
189
189
189
189
189
187
187
187
187
187
190
190
190
190
190
190
188
188
188
188
188
192
192
192
192
192
191
191
191
191
191
191
188
188
188
188
188
189
189
189
189
189
188
188
188
188
188
188
194
194
194
194
194
194
194
194
194
194
194
194
194
194
194
194
189
189
189
189
189
185
185
185
185
185
193
193
193
193
193
193
188
188
188
188
188
194
194
194
194
194
188
188
188
188
188
188
194
194
194
194
194
190
190
190
190
190
185
185
185
185
185
185
185
185
185
185
185
187
187
187
187
187
187
187
187
187
187
187
183
183
183
183
183
183
183
183
183
183
188
188
188
188
188
188
186
186
186
186
186
193
193
193
193
193
183
183
183
183
183
183
192
192
192
192
192
192
192
192
192
192
200
200
200
200
200
200
197
197
197
197
197
207
207
207
207
207
211
211
211
211
211
211
212
212
212
212
212
210
210
210
210
210
200
200
200
200
200
200
193
193
193
193
193
195
195
195
195
195
190
190
190
190
190
190
189
189
189
189
189
184
184
184
184
184
189
189
189
189
189
189
190
190
190
190
190
195
195
195
195
195
193
193
193
193
193
193
197
197
197
197
197
201
201
201
201
201
208
208
208
208
208
208
198
198
198
198
198
196
196
196
196
196
207
207
207
207
207
207
202
202
202
202
202
205
205
205
205
205
198
198
198
198
198
198
190
190
190
190
190
195
195
195
195
195
188
188
188
188
188
188
198
198
198
198
198
187
187
187
187
187
193
193
193
193
193
193
198
198
198
198
198
200
200
200
200
200
195
195
195
195
195
195
198
198
198
198
198
195
195
195
195
195
193
193
193
193
193
193
185
185
185
185
185
184
184
184
184
184
194
194
194
194
194
194
188
188
188
188
188
192
192
192
192
192
189
189
189
189
189
189
191
191
191
191
191
198
198
198
198
198
195
195
195
195
195
195
208
208
208
208
208
204
204
204
204
204
200
200
200
200
200
200
214
214
214
214
214
208
208
208
208
208
205
205
205
205
205
205
204
204
204
204
204
203
203
203
203
203
201
201
201
201
201
201
198
198
198
198
198
195
195
195
195
195
194
194
194
194
194
194
193
193
193
193
193
202
202
202
202
202
201
201
201
201
201
201
204
204
204
204
204
201
201
201
201
201
208
208
208
208
208
208
201
201
201
201
201
216
216
216
216
216
201
201
201
201
201
201
194
194
194
194
194
202
202
202
202
202
196
196
196
196
196
196
191
191
191
191
191
198
198
198
198
198
187
187
187
187
187
187
189
189
189
189
189
183
183
183
183
183
178
178
178
178
178
178
187
187
187
187
187
199
199
199
199
199
190
190
190
190
190
190
199
199
199
199
199
203
203
203
203
203
195
195
195
195
195
195
209
209
209
209
209
203
203
203
203
203
195
195
195
195
195
195
196
196
196
196
196
196
196
196
196
196
194
194
194
194
194
194
199
199
199
199
199
196
196
196
196
196
195
195
195
195
195
195
198
198
198
198
198
192
192
192
192
192
197
197
197
197
197
197
196
196
196
196
196
195
195
195
195
195
197
197
197
197
197
197
198
198
198
198
198
196
196
196
196
196
184
184
184
184
184
184
191
191
191
191
191
201
201
201
201
201
196
196
196
196
196
196
189
189
189
189
189
195
195
195
195
195
194
194
194
194
194
194
190
190
190
190
190
196
196
196
196
196
189
189
189
189
189
189
191
191
191
191
191
187
187
187
187
187
195
195
195
195
195
195
200
200
200
200
200
200
200
200
200
200
187
187
187
187
187
187
205
205
205
205
205
215
215
215
215
215
214
214
214
214
214
214
211
211
211
211
211
200
200
200
200
200
209
209
209
209
209
209
204
204
204
204
204
197
197
197
197
197
202
202
202
202
202
202
195
195
195
195
195
200
200
200
200
200
201
201
201
201
201
201
203
203
203
203
203
200
200
200
200
200
204
204
204
204
204
204
194
194
194
194
194
207
207
207
207
207
201
201
201
201
201
201
194
194
194
194
194
206
206
206
206
206
192
192
192
192
192
192
197
197
197
197
197
205
205
205
205
205
198
198
198
198
198
198
193
193
193
193
193
197
197
197
197
197
200
200
200
200
200
200
199
199
199
199
199
197
197
197
197
197
198
198
198
198
198
198
206
206
206
206
206
199
199
199
199
199
200
200
200
200
200
200
205
205
205
205
205
204
204
204
204
204
204
204
204
204
204
204
201
201
201
201
201
193
193
193
193
193
190
190
190
190
190
190
195
195
195
195
195
186
186
186
186
186
190
190
190
190
190
190
198
198
198
198
198
192
192
192
192
192
198
198
198
198
198
198
205
205
205
205
205
195
195
195
195
195
215
215
215
215
215
215
211
211
211
211
211
224
224
224
224
224
225
225
225
225
225
225
244
244
244
244
244
244
244
244
244
244
236
236
236
236
236
236
250
250
250
250
250
258
258
258
258
258
242
242
242
242
242
242
238
238
238
238
238
217
217
217
217
217
219
219
219
219
219
219
230
230
230
230
230
208
208
208
208
208
218
218
218
218
218
218
218
218
218
218
218
220
220
220
220
220
220
220
220
220
220
220
220
220
220
220
220
213
213
213
213
213
227
227
227
227
227
227
221
221
221
221
221
224
224
224
224
224
237
237
237
237
237
237
248
248
248
248
248
248
248
248
248
248
248
248
248
248
248
248
271
271
271
271
271
262
262
262
262
262
265
265
265
265
265
265
267
267
267
267
267
255
255
255
255
255
243
243
243
243
243
243
238
238
238
238
238
233
233
233
233
233
233
233
233
233
233
233
227
227
227
227
227
221
221
221
221
221
219
219
219
219
219
219
222
222
222
222
222
221
221
221
221
221
225
225
225
225
225
225
241
241
241
241
241
234
234
234
234
234
236
236
236
236
236
236
245
245
245
245
245
232
232
232
232
232
245
245
245
245
245
245
238
238
238
238
238
241
241
241
241
241
223
223
223
223
223
223
227
227
227
227
227
237
237
237
237
237
235
235
235
235
235
235
231
231
231
231
231
233
233
233
233
233
226
226
226
226
226
226
239
239
239
239
239
242
242
242
242
242
243
243
243
243
243
243
243
243
243
243
243
247
247
247
247
247
258
258
258
258
258
258
243
243
243
243
243
239
239
239
239
239
233
233
233
233
233
233
226
226
226
226
226
223
223
223
223
223
214
214
214
214
214
214
217
217
217
217
217
204
204
204
204
204
209
209
209
209
209
209
202
202
202
202
202
212
212
212
212
212
216
216
216
216
216
216
217
217
217
217
217
217
217
217
217
217
214
214
214
214
214
214
200
200
200
200
200
197
197
197
197
197
204
204
204
204
204
204
197
197
197
197
197
199
199
199
199
199
202
202
202
202
202
202
196
196
196
196
196
201
201
201
201
201
202
202
202
202
202
202
195
195
195
195
195
202
202
202
202
202
191
191
191
191
191
191
185
185
185
185
185
200
200
200
200
200
199
199
199
199
199
199
199
199
199
199
199
195
195
195
195
195
196
196
196
196
196
196
192
192
192
192
192
196
196
196
196
196
198
198
198
198
198
198
196
196
196
196
196
196
196
196
196
196
197
197
197
197
197
197
191
191
191
191
191
197
197
197
197
197
203
203
203
203
203
203
191
191
191
191
191
195
195
195
195
195
192
192
192
192
192
192
192
192
192
192
192
203
203
203
203
203
194
194
194
194
194
194
190
190
190
190
190
199
199
199
199
199
200
200
200
200
200
200
195
195
195
195
195
192
192
192
192
192
189
189
189
189
189
189
187
187
187
187
187
180
180
180
180
180
186
186
186
186
186
186
183
183
183
183
183
187
187
187
187
187
188
188
188
188
188
188
188
188
188
188
188
186
186
186
186
186
183
183
183
183
183
183
179
179
179
179
179
190
190
190
190
190
196
196
196
196
196
196
193
193
193
193
193
184
184
184
184
184
183
183
183
183
183
183
189
189
189
189
189
177
177
177
177
177
191
191
191
191
191
191
180
180
180
180
180
191
191
191
191
191
185
185
185
185
185
185
182
182
182
182
182
185
185
185
185
185
190
190
190
190
190
190
187
187
187
187
187
185
185
185
185
185
188
188
188
188
188
188
186
186
186
186
186
187
187
187
187
187
181
181
181
181
181
181
184
184
184
184
184
185
185
185
185
185
184
184
184
184
184
184
188
188
188
188
188
187
187
187
187
187
184
184
184
184
184
184
189
189
189
189
189
194
194
194
194
194
187
187
187
187
187
187
183
183
183
183
183
194
194
194
194
194
190
190
190
190
190
190
181
181
181
181
181
182
182
182
182
182
187
187
187
187
187
187
192
192
192
192
192
190
190
190
190
190
197
197
197
197
197
197
196
196
196
196
196
191
191
191
191
191
190
190
190
190
190
190
183
183
183
183
183
190
190
190
190
190
185
185
185
185
185
185
182
182
182
182
182
191
191
191
191
191
194
194
194
194
194
194
189
189
189
189
189
190
190
190
190
190
190
190
190
190
190
190
192
192
192
192
192
191
191
191
191
191
191
191
191
191
191
191
186
186
186
186
186
197
197
197
197
197
193
193
193
193
193
193
193
193
193
193
193
191
191
191
191
191
202
202
202
202
202
202
196
196
196
196
196
202
202
202
202
202
200
200
200
200
200
200
197
197
197
197
197
210
210
210
210
210
204
204
204
204
204
204
214
214
214
214
214
214
214
214
214
214
215
215
215
215
215
215
207
207
207
207
207
207
207
207
207
207
220
220
220
220
220
220
209
209
209
209
209
223
223
223
223
223
212
212
212
212
212
212
225
225
225
225
225
224
224
224
224
224
226
226
226
226
226
226
228
228
228
228
228
211
211
211
211
211
214
214
214
214
214
214
215
215
215
215
215
220
220
220
220
220
205
205
205
205
205
205
213
213
213
213
213
209
209
209
209
209
218
218
218
218
218
218
223
223
223
223
223
223
223
223
223
223
230
230
230
230
230
230
235
235
235
235
235
237
237
237
237
237
237
237
237
237
237
237
229
229
229
229
229
243
243
243
243
243
225
225
225
225
225
225
233
233
233
233
233
224
224
224
224
224
225
225
225
225
225
225
217
217
217
217
217
217
217
217
217
217
213
213
213
213
213
213
217
217
217
217
217
219
219
219
219
219
225
225
225
225
225
225
235
235
235
235
235
230
230
230
230
230
242
242
242
242
242
242
230
230
230
230
230
229
229
229
229
229
237
237
237
237
237
237
234
234
234
234
234
242
242
242
242
242
235
235
235
235
235
235
235
235
235
235
235
230
230
230
230
230
217
217
217
217
217
217
234
234
234
234
234
219
219
219
219
219
226
226
226
226
226
226
226
226
226
226
226
222
222
222
222
222
246
246
246
246
246
246
253
253
253
253
253
253
253
253
253
253
250
250
250
250
250
250
259
259
259
259
259
234
234
234
234
234
241
241
241
241
241
241
236
236
236
236
236
241
241
241
241
241
222
222
222
222
222
222
220
220
220
220
220
215
215
215
215
215
210
210
210
210
210
210
214
214
214
214
214
207
207
207
207
207
211
211
211
211
211
211
221
221
221
221
221
220
220
220
220
220
217
217
217
217
217
217
218
218
218
218
218
226
226
226
226
226
208
208
208
208
208
208
215
215
215
215
215
214
214
214
214
214
210
210
210
210
210
210
219
219
219
219
219
208
208
208
208
208
204
204
204
204
204
204
209
209
209
209
209
216
216
216
216
216
212
212
212
212
212
212
214
214
214
214
214
208
208
208
208
208
212
212
212
212
212
212
209
209
209
209
209
207
207
207
207
207
213
213
213
213
213
213
205
205
205
205
205
203
203
203
203
203
198
198
198
198
198
198
203
203
203
203
203
198
198
198
198
198
188
188
188
188
188
188
193
193
193
193
193
205
205
205
205
205
195
195
195
195
195
195
206
206
206
206
206
200
200
200
200
200
207
207
207
207
207
207
209
209
209
209
209
198
198
198
198
198
200
200
200
200
200
200
198
198
198
198
198
194
194
194
194
194
196
196
196
196
196
196
189
189
189
189
189
195
195
195
195
195
187
187
187
187
187
187
191
191
191
191
191
182
182
182
182
182
190
190
190
190
190
190
194
194
194
194
194
193
193
193
193
193
196
196
196
196
196
196
196
196
196
196
196
187
187
187
187
187
194
194
194
194
194
194
193
193
193
193
193
201
201
201
201
201
191
191
191
191
191
191
193
193
193
193
193
201
201
201
201
201
204
204
204
204
204
204
198
198
198
198
198
193
193
193
193
193
198
198
198
198
198
198
196
196
196
196
196
192
192
192
192
192
192
192
192
192
192
192
188
188
188
188
188
186
186
186
186
186
191
191
191
191
191
191
192
192
192
192
192
192
192
192
192
192
194
194
194
194
194
194
194
194
194
194
194
193
193
193
193
193
200
200
200
200
200
200
191
191
191
191
191
194
194
194
194
194
193
193
193
193
193
193
199
199
199
199
199
194
194
194
194
194
193
193
193
193
193
193
194
194
194
194
194
192
192
192
192
192
189
189
189
189
189
189
193
193
193
193
193
191
191
191
191
191
192
192
192
192
192
192
200
200
200
200
200
197
197
197
197
197
191
191
191
191
191
191
197
197
197
197
197
199
199
199
199
199
191
191
191
191
191
191
198
198
198
198
198
193
193
193
193
193
199
199
199
199
199
199
191
191
191
191
191
194
194
194
194
194
198
198
198
198
198
198
198
198
198
198
198
200
200
200
200
200
203
203
203
203
203
203
196
196
196
196
196
201
201
201
201
201
193
193
193
193
193
193
198
198
198
198
198
193
193
193
193
193
202
202
202
202
202
202
206
206
206
206
206
197
197
197
197
197
204
204
204
204
204
204
197
197
197
197
197
203
203
203
203
203
205
205
205
205
205
205
209
209
209
209
209
206
206
206
206
206
206
206
206
206
206
206
206
206
206
206
206
205
205
205
205
205
191
191
191
191
191
191
208
208
208
208
208
203
203
203
203
203
202
202
202
202
202
202
207
207
207
207
207
206
206
206
206
206
200
200
200
200
200
200
203
203
203
203
203
205
205
205
205
205
204
204
204
204
204
204
198
198
198
198
198
200
200
200
200
200
198
198
198
198
198
198
211
211
211
211
211
210
210
210
210
210
207
207
207
207
207
207
211
211
211
211
211
215
215
215
215
215
205
205
205
205
205
205
214
214
214
214
214
212
212
212
212
212
214
214
214
214
214
214
216
216
216
216
216
211
211
211
211
211
224
224
224
224
224
224
212
212
212
212
212
209
209
209
209
209
205
205
205
205
205
205
202
202
202
202
202
211
211
211
211
211
213
213
213
213
213
213
217
217
217
217
217
210
210
210
210
210
212
212
212
212
212
212
215
215
215
215
215
209
209
209
209
209
216
216
216
216
216
216
212
212
212
212
212
204
204
204
204
204
220
220
220
220
220
220
226
226
226
226
226
207
207
207
207
207
228
228
228
228
228
228
223
223
223
223
223
218
218
218
218
218
224
224
224
224
224
224
226
226
226
226
226
217
217
217
217
217
224
224
224
224
224
224
227
227
227
227
227
216
216
216
216
216
228
228
228
228
228
228
216
216
216
216
216
221
221
221
221
221
222
222
222
222
222
222
221
221
221
221
221
236
236
236
236
236
218
218
218
218