232
232
221
221
221
221
221
221
210
210
210
210
210
206
206
206
206
206
195
195
195
195
195
195
199
199
199
199
199
197
197
197
197
197
195
195
195
195
195
195
196
196
196
196
196
198
198
198
198
198
204
204
204
204
204
204
205
205
205
205
205
212
212
212
212
212
218
218
218
218
218
218
215
215
215
215
215
229
229
229
229
229
233
233
233
233
233
233
246
246
246
246
246
244
244
244
244
244
263
263
263
263
263
263
276
276
276
276
276
298
298
298
298
298
305
305
305
305
305
305
299
299
299
299
299
304
304
304
304
304
296
296
296
296
296
296
271
271
271
271
271
257
257
257
257
257
251
251
251
251
251
251
248
248
248
248
248
258
258
258
258
258
269
269
269
269
269
269
266
266
266
266
266
278
278
278
278
278
275
275
275
275
275
275
248
248
248
248
248
239
239
239
239
239
227
227
227
227
227
227
220
220
220
220
220
206
206
206
206
206
196
196
196
196
196
196
196
196
196
196
196
196
196
196
196
196
195
195
195
195
195
195
208
208
208
208
208
199
199
199
199
199
201
201
201
201
201
201
198
198
198
198
198
204
204
204
204
204
201
201
201
201
201
201
202
202
202
202
202
201
201
201
201
201
196
196
196
196
196
196
218
218
218
218
218
210
210
210
210
210
222
222
222
222
222
222
241
241
241
241
241
264
264
264
264
264
343
343
343
343
343
343
400
400
400
400
400
441
441
441
441
441
390
390
390
390
390
390
279
279
279
279
279
231
231
231
231
231
218
218
218
218
218
218
208
208
208
208
208
194
194
194
194
194
191
191
191
191
191
191
197
197
197
197
197
202
202
202
202
202
216
216
216
216
216
216
240
240
240
240
240
339
339
339
339
339
963
963
963
963
963
963
1931
1931
1931
1931
1931
2764
2764
2764
2764
2764
3268
3268
3268
3268
3268
3268
3366
3366
3366
3366
3366
3176
3176
3176
3176
3176
2534
2534
2534
2534
2534
2534
1865
1865
1865
1865
1865
1122
1122
1122
1122
1122
505
505
505
505
505
505
292
292
292
292
292
254
254
254
254
254
248
248
248
248
248
248
229
229
229
229
229
236
236
236
236
236
257
257
257
257
257
257
341
341
341
341
341
553
553
553
553
553
992
992
992
992
992
992
1372
1372
1372
1372
1372
1562
1562
1562
1562
1562
1378
1378
1378
1378
1378
1378
903
903
903
903
903
443
443
443
443
443
259
259
259
259
259
259
231
231
231
231
231
211
211
211
211
211
196
196
196
196
196
196
188
188
188
188
188
202
202
202
202
202
201
201
201
201
201
201
200
200
200
200
200
200
200
200
200
200
202
202
202
202
202
202
217
217
217
217
217
213
213
213
213
213
212
212
212
212
212
212
237
237
237
237
237
225
225
225
225
225
230
230
230
230
230
230
223
223
223
223
223
225
225
225
225
225
222
222
222
222
222
222
214
214
214
214
214
218
218
218
218
218
211
211
211
211
211
211
224
224
224
224
224
223
223
223
223
223
216
216
216
216
216
216
218
218
218
218
218
209
209
209
209
209
207
207
207
207
207
207
210
210
210
210
210
198
198
198
198
198
197
197
197
197
197
197
200
200
200
200
200
199
199
199
199
199
197
197
197
197
197
197
200
200
200
200
200
204
204
204
204
204
209
209
209
209
209
209
218
218
218
218
218
222
222
222
222
222
226
226
226
226
226
226
240
240
240
240
240
246
246
246
246
246
256
256
256
256
256
256
248
248
248
248
248
249
249
249
249
249
232
232
232
232
232
232
217
217
217
217
217
216
216
216
216
216
200
200
200
200
200
200
191
191
191
191
191
182
182
182
182
182
195
195
195
195
195
195
189
189
189
189
189
193
193
193
193
193
202
202
202
202
202
202
201
201
201
201
201
218
218
218
218
218
233
233
233
233
233
233
238
238
238
238
238
235
235
235
235
235
239
239
239
239
239
239
237
237
237
237
237
220
220
220
220
220
215
215
215
215
215
215
201
201
201
201
201
197
197
197
197
197
187
187
187
187
187
187
195
195
195
195
195
192
192
192
192
192
189
189
189
189
189
189
197
197
197
197
197
204
204
204
204
204
208
208
208
208
208
208
208
208
208
208
208
202
202
202
202
202
212
212
212
212
212
212
205
205
205
205
205
199
199
199
199
199
202
202
202
202
202
202
197
197
197
197
197
196
196
196
196
196
197
197
197
197
197
197
190
190
190
190
190
187
187
187
187
187
195
195
195
195
195
195
194
194
194
194
194
197
197
197
197
197
192
192
192
192
192
192
199
199
199
199
199
197
197
197
197
197
195
195
195
195
195
195
191
191
191
191
191
188
188
188
188
188
190
190
190
190
190
190
189
189
189
189
189
180
180
180
180
180
182
182
182
182
182
182
185
185
185
185
185
179
179
179
179
179
182
182
182
182
182
182
187
187
187
187
187
196
196
196
196
196
191
191
191
191
191
191
199
199
199
199
199
200
200
200
200
200
199
199
199
199
199
199
210
210
210
210
210
215
215
215
215
215
196
196
196
196
196
196
202
202
202
202
202
200
200
200
200
200
199
199
199
199
199
199
194
194
194
194
194
190
190
190
190
190
185
185
185
185
185
185
185
185
185
185
185
185
185
185
185
185
184
184
184
184
184
184
188
188
188
188
188
195
195
195
195
195
191
191
191
191
191
191
200
200
200
200
200
205
205
205
205
205
202
202
202
202
202
202
200
200
200
200
200
192
192
192
192
192
195
195
195
195
195
195
198
198
198
198
198
190
190
190
190
190
189
189
189
189
189
189
182
182
182
182
182
196
196
196
196
196
190
190
190
190
190
190
197
197
197
197
197
197
197
197
197
197
201
201
201
201
201
201
198
198
198
198
198
199
199
199
199
199
197
197
197
197
197
197
194
194
194
194
194
200
200
200
200
200
195
195
195
195
195
195
198
198
198
198
198
195
195
195
195
195
212
212
212
212
212
212
199
199
199
199
199
198
198
198
198
198
196
196
196
196
196
196
201
201
201
201
201
199
199
199
199
199
206
206
206
206
206
206
194
194
194
194
194
202
202
202
202
202
207
207
207
207
207
207
214
214
214
214
214
214
214
214
214
214
208
208
208
208
208
208
213
213
213
213
213
215
215
215
215
215
224
224
224
224
224
224
193
193
193
193
193
196
196
196
196
196
202
202
202
202
202
202
203
203
203
203
203
195
195
195
195
195
197
197
197
197
197
197
196
196
196
196
196
193
193
193
193
193
200
200
200
200
200
200
202
202
202
202
202
207
207
207
207
207
206
206
206
206
206
206
209
209
209
209
209
213
213
213
213
213
220
220
220
220
220
220
214
214
214
214
214
205
205
205
205
205
204
204
204
204
204
204
198
198
198
198
198
196
196
196
196
196
197
197
197
197
197
197
191
191
191
191
191
206
206
206
206
206
192
192
192
192
192
192
201
201
201
201
201
195
195
195
195
195
199
199
199
199
199
199
197
197
197
197
197
202
202
202
202
202
201
201
201
201
201
201
210
210
210
210
210
205
205
205
205
205
210
210
210
210
210
210
208
208
208
208
208
219
219
219
219
219
211
211
211
211
211
211
215
215
215
215
215
212
212
212
212
212
203
203
203
203
203
203
202
202
202
202
202
199
199
199
199
199
202
202
202
202
202
202
196
196
196
196
196
196
196
196
196
196
204
204
204
204
204
204
205
205
205
205
205
209
209
209
209
209
199
199
199
199
199
199
217
217
217
217
217
213
213
213
213
213
223
223
223
223
223
223
220
220
220
220
220
221
221
221
221
221
215
215
215
215
215
215
220
220
220
220
220
213
213
213
213
213
213
213
213
213
213
213
211
211
211
211
211
207
207
207
207
207
211
211
211
211
211
211
209
209
209
209
209
216
216
216
216
216
215
215
215
215
215
215
224
224
224
224
224
236
236
236
236
236
240
240
240
240
240
240
227
227
227
227
227
240
240
240
240
240
223
223
223
223
223
223
227
227
227
227
227
220
220
220
220
220
233
233
233
233
233
233
225
225
225
225
225
224
224
224
224
224
215
215
215
215
215
215
212
212
212
212
212
211
211
211
211
211
205
205
205
205
205
205
205
205
205
205
205
209
209
209
209
209
192
192
192
192
192
192
199
199
199
199
199
213
213
213
213
213
215
215
215
215
215
215
218
218
218
218
218
221
221
221
221
221
232
232
232
232
232
232
244
244
244
244
244
247
247
247
247
247
229
229
229
229
229
229
238
238
238
238
238
244
244
244
244
244
239
239
239
239
239
239
221
221
221
221
221
214
214
214
214
214
222
222
222
222
222
222
203
203
203
203
203
208
208
208
208
208
214
214
214
214
214
214
198
198
198
198
198
216
216
216
216
216
220
220
220
220
220
220
227
227
227
227
227
239
239
239
239
239
239
239
239
239
239
239
261
261
261
261
261
252
252
252
252
252
259
259
259
259
259
259
236
236
236
236
236
226
226
226
226
226
234
234
234
234
234
234
245
245
245
245
245
215
215
215
215
215
223
223
223
223
223
223
215
215
215
215
215
213
213
213
213
213
215
215
215
215
215
215
206
206
206
206
206
219
219
219
219
219
219
219
219
219
219
219
224
224
224
224
224
230
230
230
230
230
227
227
227
227
227
227
238
238
238
238
238
238
238
238
238
238
238
238
238
238
238
238
226
226
226
226
226
217
217
217
217
217
227
227
227
227
227
227
218
218
218
218
218
217
217
217
217
217
213
213
213
213
213
213
222
222
222
222
222
222
222
222
222
222
222
222
222
222
222
222
217
217
217
217
217
211
211
211
211
211
216
216
216
216
216
216
217
217
217
217
217
226
226
226
226
226
218
218
218
218
218
218
224
224
224
224
224
221
221
221
221
221
228
228
228
228
228
228
226
226
226
226
226
230
230
230
230
230
233
233
233
233
233
233
231
231
231
231
231
227
227
227
227
227
232
232
232
232
232
232
230
230
230
230
230
226
226
226
226
226
227
227
227
227
227
227
238
238
238
238
238
228
228
228
228
228
234
234
234
234
234
234
227
227
227
227
227
240
240
240
240
240
232
232
232
232
232
232
212
212
212
212
212
230
230
230
230
230
219
219
219
219
219
219
234
234
234
234
234
225
225
225
225
225
231
231
231
231
231
231
223
223
223
223
223
243
243
243
243
243
219
219
219
219
219
219
242
242
242
242
242
228
228
228
228
228
226
226
226
226
226
226
229
229
229
229
229
245
245
245
245
245
235
235
235
235
235
235
217
217
217
217
217
219
219
219
219
219
228
228
228
228
228
228
213
213
213
213
213
214
214
214
214
214
205
205
205
205
205
205
214
214
214
214
214
206
206
206
206
206
225
225
225
225
225
225
219
219
219
219
219
224
224
224
224
224
230
230
230
230
230
230
238
238
238
238
238
226
226
226
226
226
223
223
223
223
223
223
212
212
212
212
212
209
209
209
209
209
210
210
210
210
210
210
200
200
200
200
200
203
203
203
203
203
212
212
212
212
212
212
212
212
212
212
212
212
212
212
212
212
216
216
216
216
216
216
218
218
218
218
218
223
223
223
223
223
228
228
228
228
228
228
233
233
233
233
233
239
239
239
239
239
226
226
226
226
226
226
236
236
236
236
236
222
222
222
222
222
220
220
220
220
220
220
207
207
207
207
207
208
208
208
208
208
208
208
208
208
208
208
212
212
212
212
212
208
208
208
208
208
207
207
207
207
207
207
206
206
206
206
206
216
216
216
216
216
217
217
217
217
217
217
214
214
214
214
214
224
224
224
224
224
228
228
228
228
228
228
224
224
224
224
224
224
224
224
224
224
230
230
230
230
230
230
227
227
227
227
227
215
215
215
215
215
217
217
217
217
217
217
223
223
223
223
223
211
211
211
211
211
220
220
220
220
220
220
215
215
215
215
215
208
208
208
208
208
217
217
217
217
217
217
215
215
215
215
215
210
210
210
210
210
212
212
212
212
212
212
215
215
215
215
215
216
216
216
216
216
209
209
209
209
209
209
209
209
209
209
209
212
212
212
212
212
218
218
218
218
218
218
213
213
213
213
213
220
220
220
220
220
220
220
220
220
220
220
226
226
226
226
226
227
227
227
227
227
213
213
213
213
213
213
211
211
211
211
211
220
220
220
220
220
213
213
213
213
213
213
215
215
215
215
215
214
214
214
214
214
206
206
206
206
206
206
210
210
210
210
210
221
221
221
221
221
220
220
220
220
220
220
231
231
231
231
231
240
240
240
240
240
237
237
237
237
237
237
249
249
249
249
249
241
241
241
241
241
237
237
237
237
237
237
216
216
216
216
216
218
218
218
218
218
213
213
213
213
213
213
203
203
203
203
203
201
201
201
201
201
201
201
201
201
201
201
203
203
203
203
203
209
209
209
209
209
210
210
210
210
210
210
208
208
208
208
208
212
212
212
212
212
213
213
213
213
213
213
223
223
223
223
223
217
217
217
217
217
216
216
216
216
216
216
207
207
207
207
207
213
213
213
213
213
214
214
214
214
214
214
202
202
202
202
202
201
201
201
201
201
196
196
196
196
196
196
199
199
199
199
199
196
196
196
196
196
198
198
198
198
198
198
194
194
194
194
194
203
203
203
203
203
208
208
208
208
208
208
215
215
215
215
215
212
212
212
212
212
216
216
216
216
216
216
204
204
204
204
204
211
211
211
211
211
208
208
208
208
208
208
210
210
210
210
210
213
213
213
213
213
203
203
203
203
203
203
198
198
198
198
198
200
200
200
200
200
207
207
207
207
207
207
210
210
210
210
210
207
207
207
207
207
208
208
208
208
208
208
205
205
205
205
205
208
208
208
208
208
201
201
201
201
201
201
206
206
206
206
206
202
202
202
202
202
200
200
200
200
200
200
200
200
200
200
200
202
202
202
202
202
193
193
193
193
193
193
194
194
194
194
194
205
205
205
205
205
199
199
199
199
199
199
198
198
198
198
198
205
205
205
205
205
201
201
201
201
201
201
197
197
197
197
197
197
197
197
197
197
196
196
196
196
196
196
198
198
198
198
198
190
190
190
190
190
188
188
188
188
188
188
205
205
205
205
205
203
203
203
203
203
196
196
196
196
196
196
199
199
199
199
199
204
204
204
204
204
194
194
194
194
194
194
207
207
207
207
207
202
202
202
202
202
191
191
191
191
191
191
200
200
200
200
200
202
202
202
202
202
198
198
198
198
198
198
203
203
203
203
203
195
195
195
195
195
200
200
200
200
200
200
200
200
200
200
200
201
201
201
201
201
198
198
198
198
198
198
203
203
203
203
203
197
197
197
197
197
202
202
202
202
202
202
202
202
202
202
202
201
201
201
201
201
202
202
202
202
202
202
186
186
186
186
186
203
203
203
203
203
197
197
197
197
197
197
203
203
203
203
203
194
194
194
194
194
195
195
195
195
195
195
188
188
188
188
188
200
200
200
200
200
204
204
204
204
204
204
200
200
200
200
200
199
199
199
199
199
207
207
207
207
207
207
207
207
207
207
207
205
205
205
205
205
207
207
207
207
207
207
206
206
206
206
206
211
211
211
211
211
198
198
198
198
198
198
192
192
192
192
192
207
207
207
207
207
213
213
213
213
213
213
198
198
198
198
198
206
206
206
206
206
214
214
214
214
214
214
207
207
207
207
207
212
212
212
212
212
215
215
215
215
215
215
213
213
213
213
213
214
214
214
214
214
207
207
207
207
207
207
202
202
202
202
202
210
210
210
210
210
207
207
207
207
207
207
210
210
210
210
210
214
214
214
214
214
206
206
206
206
206
206
211
211
211
211
211
215
215
215
215
215
207
207
207
207
207
207
221
221
221
221
221
204
204
204
204
204
215
215
215
215
215
215
216
216
216
216
216
218
218
218
218
218
211
211
211
211
211
211
213
213
213
213
213
209
209
209
209
209
220
220
220
220
220
220
213
213
213
213
213
218
218
218
218
218
228
228
228
228
228
228
218
218
218
218
218
222
222
222
222
222
210
210
210
210
210
210
220
220
220
220
220
222
222
222
222
222
217
217
217
217
217
217
214
214
214
214
214
223
223
223
223
223
218
218
218
218
218
218
221
221
221
221
221
214
214
214
214
214
223
223
223
223
223
223
214
214
214
214
214
222
222
222
222
222
219
219
219
219
219
219
223
223
223
223
223
216
216
216
216
216
209
209
209
209
209
209
220
220
220
220
220
215
215
215
215
215
214
214
214
214
214
214
219
219
219
219
219
204
204
204
204
204
220
220
220
220
220
220
212
212
212
212
212
214
214
214
214
214
220
220
220
220
220
220
222
222
222
222
222
216
216
216
216
216
217
217
217
217
217
217
227
227
227
227
227
210
210
210
210
210
219
219
219
219
219
219
208
208
208
208
208
227
227
227
227
227
214
214
214
214
214
214
220
220
220
220
220
216
216
216
216
216
212
212
212
212
212
212
219
219
219
219
219
218
218
218
218
218
212
212
212
212
212
212
214
214
214
214
214
225
225
225
225
225
235
235
235
235
235
235
237
237
237
237
237
221
221
221
221
221
228
228
228
228
228
228
226
226
226
226
226
220
220
220
220
220
230
230
230
230
230
230
214
214
214
214
214
213
213
213
213
213
212
212
212
212
212
212
218
218
218
218
218
219
219
219
219
219
214
214
214
214
214
214
221
221
221
221
221
218
218
218
218
218
217
217
217
217
217
217
226
226
226
226
226
227
227
227
227
227
237
237
237
237
237
237
246
246
246
246
246
232
232
232
232
232
232
232
232
232
232
232
228
228
228
228
228
231
231
231
231
231
218
218
218
218
218
218
225
225
225
225
225
215
215
215
215
215
203
203
203
203
203
203
217
217
217
217
217
206
206
206
206
206
216
216
216
216
216
216
206
206
206
206
206
208
208
208
208
208
215
215
215
215
215
215
209
209
209
209
209
228
228
228
228
228
216
216
216
216
216
216
218
218
218
218
218
224
224
224
224
224
223
223
223
223
223
223
210
210
210
210
210
223
223
223
223
223
216
216
216
216
216
216
219
219
219
219
219
208
208
208
208
208
207
207
207
207
207
207
206
206
206
206
206
206
206
206
206
206
216
216
216
216
216
216
200
200
200
200
200
224
224
224
224
224
209
209
209
209
209
209
209
209
209
209
209
212
212
212
212
212
213
213
213
213
213
213
209
209
209
209
209
212
212
212
212
212
210
210
210
210
210
210
214
214
214
214
214
205
205
205
205
205
218
218
218
218
218
218
212
212
212
212
212
237
237
237
237
237
215
215
215
215
215
215
206
206
206
206
206
215
215
215
215
215
204
204
204
204
204
204
207
207
207
207
207
208
208
208
208
208
209
209
209
209
209
209
205
205
205
205
205
207
207
207
207
207
203
203
203
203
203
203
209
209
209
209
209
205
205
205
205
205
225
225
225
225
225
225
218
218
218
218
218
218
218
218
218
218
220
220
220
220
220
220
207
207
207
207
207
210
210
210
210
210
214
214
214
214
214
214
220
220
220
220
220
214
214
214
214
214
212
212
212
212
212
212
208
208
208
208
208
211
211
211
211
211
205
205
205
205
205
205
204
204
204
204
204
218
218
218
218
218
204
204
204
204
204
204
206
206
206
206
206
218
218
218
218
218
213
213
213
213
213
213
211
211
211
211
211
218
218
218
218
218
213
213
213
213
213
213
216
216
216
216
216
214
214
214
214
214
217
217
217
217
217
217
215
215
215
215
215
216
216
216
216
216
208
208
208
208
208
208
207
207
207
207
207
213
213
213
213
213
204
204
204
204
204
204
209
209
209
209
209
214
214
214
214
214
214
214
214
214
214
214
208
208
208
208
208
214
214
214
214
214
213
213
213
213
213
213
216
216
216
216
216
211
211
211
211
211
217
217
217
217
217
217
212
212
212
212
212
218
218
218
218
218
210
210
210
210
210
210
219
219
219
219
219
220
220
220
220
220
229
229
229
229
229
229
216
216
216
216
216
219
219
219
219
219
216
216
216
216
216
216
217
217
217
217
217
215
215
215
215
215
213
213
213
213
213
213
216
216
216
216
216
215
215
215
215
215
218
218
218
218
218
218
221
221
221
221
221
212
212
212
212
212
221
221
221
221
221
221
219
219
219
219
219
215
215
215
215
215
210
210
210
210
210
210
214
214
214
214
214
217
217
217
217
217
215
215
215
215
215
215
214
214
214
214
214
215
215
215
215
215
216
216
216
216
216
216
217
217
217
217
217
220
220
220
220
220
219
219
219
219
219
219
223
223
223
223
223
220
220
220
220
220
224
224
224
224
224
224
226
226
226
226
226
220
220
220
220
220
212
212
212
212
212
212
222
222
222
222
222
206
206
206
206
206
216
216
216
216
216
216
214
214
214
214
214
208
208
208
208
208
216
216
216
216
216
216
222
222
222
222
222
220
220
220
220
220
213
213
213
213
213
213
218
218
218
218
218
213
213
213
213
213
220
220
220
220
220
220
220
220
220
220
220
223
223
223
223
223
218
218
218
218
218
218
218
218
218
218
218
219
219
219
219
219
215
215
215
215
215
215
214
214
214
214
214
213
213
213
213
213
217
217
217
217
217
217
221
221
221
221
221
222
222
222
222
222
216
216
216
216
216
216
219
219
219
219
219
217
217
217
217
217
212
212
212
212
212
212
214
214
214
214
214
216
216
216
216
216
212
212
212
212
212
212
217
217
217
217
217
220
220
220
220
220
220
220
220
220
220
220
214
214
214
214
214
218
218
218
218
218
213
213
213
213
213
213
217
217
217
217
217
216
216
216
216
216
215
215
215
215
215
215
221
221
221
221
221
211
211
211
211
211
220
220
220
220
220
220
211
211
211
211
211
216
216
216
216
216
212
212
212
212
212
212
216
216
216
216
216
213
213
213
213
213
222
222
222
222
222
222
219
219
219
219
219
217
217
217
217
217
220
220
220
220
220
220
212
212
212
212
212
221
221
221
221
221
218
218
218
218
218
218
221
221
221
221
221
213
213
213
213
213
212
212
212
212
212
212
215
215
215
215
215
215
215
215
215
215
218
218
218
218
218
218
215
215
215
215
215
222
222
222
222
222
224
224
224
224
224
224
230
230
230
230
230
219
219
219
219
219
218
218
218
218
218
218
219
219
219
219
219
214
214
214
214
214
217
217
217
217
217
217
210
210
210
210
210
212
212
212
212
212
215
215
215
215
215
215
214
214
214
214
214
216
216
216
216
216
217
217
217
217
217
217
219
219
219
219
219
214
214
214
214
214
219
219
219
219
219
219
215
215
215
215
215
219
219
219
219
219
228
228
228
228
228
228
218
218
218
218
218
215
215
215
215
215
214
214
214
214
214
214
213
213
213
213
213
215
215
215
215
215
218
218
218
218
218