205
205
208
208
208
208
208
224
224
224
224
224
210
210
210
210
210
210
217
217
217
217
217
206
206
206
206
206
216
216
216
216
216
216
217
217
217
217
217
210
210
210
210
210
221
221
221
221
221
221
218
218
218
218
218
212
212
212
212
212
220
220
220
220
220
220
218
218
218
218
218
205
205
205
205
205
201
201
201
201
201
201
206
206
206
206
206
218
218
218
218
218
208
208
208
208
208
208
205
205
205
205
205
210
210
210
210
210
221
221
221
221
221
221
212
212
212
212
212
202
202
202
202
202
223
223
223
223
223
223
210
210
210
210
210
208
208
208
208
208
215
215
215
215
215
215
209
209
209
209
209
218
218
218
218
218
214
214
214
214
214
214
211
211
211
211
211
215
215
215
215
215
212
212
212
212
212
212
220
220
220
220
220
217
217
217
217
217
213
213
213
213
213
213
215
215
215
215
215
215
215
215
215
215
222
222
222
222
222
222
207
207
207
207
207
222
222
222
222
222
212
212
212
212
212
212
212
212
212
212
212
212
212
212
212
212
219
219
219
219
219
219
207
207
207
207
207
209
209
209
209
209
219
219
219
219
219
219
212
212
212
212
212
214
214
214
214
214
210
210
210
210
210
210
214
214
214
214
214
214
214
214
214
214
215
215
215
215
215
215
224
224
224
224
224
200
200
200
200
200
204
204
204
204
204
204
203
203
203
203
203
199
199
199
199
199
201
201
201
201
201
201
212
212
212
212
212
203
203
203
203
203
216
216
216
216
216
216
213
213
213
213
213
208
208
208
208
208
219
219
219
219
219
219
212
212
212
212
212
219
219
219
219
219
212
212
212
212
212
212
205
205
205
205
205
217
217
217
217
217
202
202
202
202
202
202
211
211
211
211
211
204
204
204
204
204
216
216
216
216
216
216
212
212
212
212
212
226
226
226
226
226
227
227
227
227
227
227
231
231
231
231
231
234
234
234
234
234
226
226
226
226
226
226
261
261
261
261
261
248
248
248
248
248
234
234
234
234
234
234
218
218
218
218
218
224
224
224
224
224
218
218
218
218
218
218
217
217
217
217
217
203
203
203
203
203
188
188
188
188
188
188
207
207
207
207
207
198
198
198
198
198
197
197
197
197
197
197
197
197
197
197
197
203
203
203
203
203
203
203
203
203
203
203
200
200
200
200
200
199
199
199
199
199
203
203
203
203
203
203
200
200
200
200
200
205
205
205
205
205
207
207
207
207
207
207
212
212
212
212
212
213
213
213
213
213
223
223
223
223
223
223
217
217
217
217
217
230
230
230
230
230
208
208
208
208
208
208
202
202
202
202
202
206
206
206
206
206
198
198
198
198
198
198
196
196
196
196
196
186
186
186
186
186
197
197
197
197
197
197
202
202
202
202
202
208
208
208
208
208
201
201
201
201
201
201
220
220
220
220
220
220
220
220
220
220
226
226
226
226
226
226
234
234
234
234
234
234
234
234
234
234
235
235
235
235
235
235
241
241
241
241
241
247
247
247
247
247
238
238
238
238
238
238
225
225
225
225
225
223
223
223
223
223
223
223
223
223
223
223
218
218
218
218
218
213
213
213
213
213
210
210
210
210
210
210
202
202
202
202
202
211
211
211
211
211
201
201
201
201
201
201
192
192
192
192
192
188
188
188
188
188
195
195
195
195
195
195
195
195
195
195
195
195
195
195
195
195
202
202
202
202
202
202
211
211
211
211
211
197
197
197
197
197
203
203
203
203
203
203
208
208
208
208
208
206
206
206
206
206
205
205
205
205
205
205
194
194
194
194
194
205
205
205
205
205
202
202
202
202
202
202
204
204
204
204
204
198
198
198
198
198
195
195
195
195
195
195
198
198
198
198
198
196
196
196
196
196
197
197
197
197
197
197
196
196
196
196
196
199
199
199
199
199
209
209
209
209
209
209
222
222
222
222
222
229
229
229
229
229
224
224
224
224
224
224
227
227
227
227
227
245
245
245
245
245
255
255
255
255
255
255
262
262
262
262
262
259
259
259
259
259
248
248
248
248
248
248
235
235
235
235
235
223
223
223
223
223
219
219
219
219
219
219
210
210
210
210
210
223
223
223
223
223
212
212
212
212
212
212
204
204
204
204
204
209
209
209
209
209
214
214
214
214
214
214
204
204
204
204
204
192
192
192
192
192
185
185
185
185
185
185
190
190
190
190
190
176
176
176
176
176
173
173
173
173
173
173
172
172
172
172
172
172
172
172
172
172
181
181
181
181
181
181
178
178
178
178
178
190
190
190
190
190
203
203
203
203
203
203
214
214
214
214
214
254
254
254
254
254
315
315
315
315
315
315
430
430
430
430
430
501
501
501
501
501
419
419
419
419
419
419
291
291
291
291
291
237
237
237
237
237
216
216
216
216
216
216
206
206
206
206
206
187
187
187
187
187
187
187
187
187
187
187
183
183
183
183
183
185
185
185
185
185
189
189
189
189
189
189
193
193
193
193
193
211
211
211
211
211
235
235
235
235
235
235
525
525
525
525
525
1992
1992
1992
1992
1992
3611
3611
3611
3611
3611
3611
4095
4095
4095
4095
4095
4095
4095
4095
4095
4095
4095
4095
4095
4095
4095
4095
4095
4095
4095
4095
4095
3352
3352
3352
3352
3352
1682
1682
1682
1682
1682
1682
321
321
321
321
321
212
212
212
212
212
183
183
183
183
183
183
175
175
175
175
175
178
178
178
178
178
170
170
170
170
170
170
180
180
180
180
180
182
182
182
182
182
188
188
188
188
188
188
208
208
208
208
208
289
289
289
289
289
1307
1307
1307
1307
1307
1307
3119
3119
3119
3119
3119
4095
4095
4095
4095
4095
4095
4095
4095
4095
4095
4095
4095
4095
4095
4095
4095
4095
4095
4095
4095
4095
4095
4095
4095
4095
4095
4095
4095
4095
4095
4095
4095
4095
4095
4095
4095
4095
4095
4095
4095
4095
4095
4095
3934
3934
3934
3934
3934
3750
3750
3750
3750
3750
3596
3596
3596
3596
3596
3596
3513
3513
3513
3513
3513
3479
3479
3479
3479
3479
3574
3574
3574
3574
3574
3574
3630
3630
3630
3630
3630
3787
3787
3787
3787
3787
3947
3947
3947
3947
3947
3947
3989
3989
3989
3989
3989
3920
3920
3920
3920
3920
3644
3644
3644
3644
3644
3644
3072
3072
3072
3072
3072
2186
2186
2186
2186
2186
1034
1034
1034
1034
1034
1034
315
315
315
315
315
228
228
228
228
228
208
208
208
208
208
208
195
195
195
195
195
191
191
191
191
191
183
183
183
183
183
183
194
194
194
194
194
193
193
193
193
193
209
209
209
209
209
209
220
220
220
220
220
246
246
246
246
246
296
296
296
296
296
296
436
436
436
436
436
575
575
575
575
575
649
649
649
649
649
649
556
556
556
556
556
436
436
436
436
436
341
341
341
341
341
341
284
284
284
284
284
262
262
262
262
262
235
235
235
235
235
235
244
244
244
244
244
234
234
234
234
234
245
245
245
245
245
245
235
235
235
235
235
254
254
254
254
254
274
274
274
274
274
274
278
278
278
278
278
279
279
279
279
279
331
331
331
331
331
331
353
353
353
353
353
435
435
435
435
435
472
472
472
472
472
472
493
493
493
493
493
464
464
464
464
464
396
396
396
396
396
396
317
317
317
317
317
267
267
267
267
267
257
257
257
257
257
257
236
236
236
236
236
250
250
250
250
250
219
219
219
219
219
219
221
221
221
221
221
228
228
228
228
228
246
246
246
246
246
246
244
244
244
244
244
260
260
260
260
260
264
264
264
264
264
264
266
266
266
266
266
247
247
247
247
247
231
231
231
231
231
231
222
222
222
222
222
218
218
218
218
218
203
203
203
203
203
203
204
204
204
204
204
202
202
202
202
202
208
208
208
208
208
208
209
209
209
209
209
238
238
238
238
238
244
244
244
244
244
244
270
270
270
270
270
368
368
368
368
368
350
350
350
350
350
350
373
373
373
373
373
311
311
311
311
311
274
274
274
274
274
274
236
236
236
236
236
224
224
224
224
224
216
216
216
216
216
216
198
198
198
198
198
198
198
198
198
198
192
192
192
192
192
192
188
188
188
188
188
181
181
181
181
181
192
192
192
192
192
192
191
191
191
191
191
193
193
193
193
193
187
187
187
187
187
187
190
190
190
190
190
193
193
193
193
193
186
186
186
186
186
186
188
188
188
188
188
192
192
192
192
192
186
186
186
186
186
186
194
194
194
194
194
196
196
196
196
196
187
187
187
187
187
187
191
191
191
191
191
185
185
185
185
185
185
185
185
185
185
185
181
181
181
181
181
190
190
190
190
190
185
185
185
185
185
185
178
178
178
178
178
177
177
177
177
177
183
183
183
183
183
183
183
183
183
183
183
177
177
177
177
177
181
181
181
181
181
181
185
185
185
185
185
190
190
190
190
190
184
184
184
184
184
184
183
183
183
183
183
187
187
187
187
187
187
187
187
187
187
187
179
179
179
179
179
182
182
182
182
182
183
183
183
183
183
183
181
181
181
181
181
182
182
182
182
182
183
183
183
183
183
183
182
182
182
182
182
176
176
176
176
176
181
181
181
181
181
181
179
179
179
179
179
179
179
179
179
179
179
179
179
179
179
179
189
189
189
189
189
183
183
183
183
183
183
183
183
183
183
183
184
184
184
184
184
189
189
189
189
189
186
186
186
186
186
186
191
191
191
191
191
181
181
181
181
181
183
183
183
183
183
183
187
187
187
187
187
188
188
188
188
188
182
182
182
182
182
182
185
185
185
185
185
177
177
177
177
177
183
183
183
183
183
183
175
175
175
175
175
177
177
177
177
177
179
179
179
179
179
179
176
176
176
176
176
172
172
172
172
172
178
178
178
178
178
178
182
182
182
182
182
181
181
181
181
181
182
182
182
182
182
182
189
189
189
189
189
196
196
196
196
196
206
206
206
206
206
206
215
215
215
215
215
255
255
255
255
255
320
320
320
320
320
320
402
402
402
402
402
435
435
435
435
435
388
388
388
388
388
388
299
299
299
299
299
235
235
235
235
235
230
230
230
230
230
230
204
204
204
204
204
198
198
198
198
198
188
188
188
188
188
188
185
185
185
185
185
179
179
179
179
179
183
183
183
183
183
183
179
179
179
179
179
177
177
177
177
177
197
197
197
197
197
197
198
198
198
198
198
193
193
193
193
193
196
196
196
196
196
196
203
203
203
203
203
193
193
193
193
193
201
201
201
201
201
201
201
201
201
201
201
201
201
201
201
201
199
199
199
199
199
199
202
202
202
202
202
193
193
193
193
193
198
198
198
198
198
198
191
191
191
191
191
190
190
190
190
190
188
188
188
188
188
188
190
190
190
190
190
194
194
194
194
194
198
198
198
198
198
198
204
204
204
204
204
201
201
201
201
201
213
213
213
213
213
213
212
212
212
212
212
217
217
217
217
217
212
212
212
212
212
212
214
214
214
214
214
202
202
202
202
202
213
213
213
213
213
213
204
204
204
204
204
214
214
214
214
214
204
204
204
204
204
204
213
213
213
213
213
214
214
214
214
214
216
216
216
216
216
216
220
220
220
220
220
215
215
215
215
215
201
201
201
201
201
201
211
211
211
211
211
204
204
204
204
204
199
199
199
199
199
199
194
194
194
194
194
200
200
200
200
200
190
190
190
190
190
190
193
193
193
193
193
197
197
197
197
197
201
201
201
201
201
201
213
213
213
213
213
199
199
199
199
199
208
208
208
208
208
208
206
206
206
206
206
210
210
210
210
210
207
207
207
207
207
207
208
208
208
208
208
206
206
206
206
206
203
203
203
203
203
203
206
206
206
206
206
201
201
201
201
201
212
212
212
212
212
212
202
202
202
202
202
210
210
210
210
210
206
206
206
206
206
206
219
219
219
219
219
222
222
222
222
222
231
231
231
231
231
231
231
231
231
231
231
236
236
236
236
236
237
237
237
237
237
237
235
235
235
235
235
234
234
234
234
234
225
225
225
225
225
225
229
229
229
229
229
215
215
215
215
215
215
215
215
215
215
215
201
201
201
201
201
208
208
208
208
208
210
210
210
210
210
210
199
199
199
199
199
204
204
204
204
204
200
200
200
200
200
200
207
207
207
207
207
205
205
205
205
205
206
206
206
206
206
206
213
213
213
213
213
212
212
212
212
212
214
214
214
214
214
214
218
218
218
218
218
218
218
218
218
218
220
220
220
220
220
220
206
206
206
206
206
210
210
210
210
210
207
207
207
207
207
207
201
201
201
201
201
197
197
197
197
197
195
195
195
195
195
195
195
195
195
195
195
198
198
198
198
198
194
194
194
194
194
194
199
199
199
199
199
197
197
197
197
197
198
198
198
198
198
198
199
199
199
199
199
194
194
194
194
194
201
201
201
201
201
201
199
199
199
199
199
200
200
200
200
200
198
198
198
198
198
198
200
200
200
200
200
199
199
199
199
199
204
204
204
204
204
204
207
207
207
207
207
208
208
208
208
208
208
208
208
208
208
208
223
223
223
223
223
210
210
210
210
210
214
214
214
214
214
214
218
218
218
218
218
222
222
222
222
222
212
212
212
212
212
212
211
211
211
211
211
209
209
209
209
209
204
204
204
204
204
204
199
199
199
199
199
205
205
205
205
205
199
199
199
199
199
199
201
201
201
201
201
204
204
204
204
204
200
200
200
200
200
200
207
207
207
207
207
206
206
206
206
206
204
204
204
204
204
204
205
205
205
205
205
203
203
203
203
203
208
208
208
208
208
208
207
207
207
207
207
208
208
208
208
208
203
203
203
203
203
203
201
201
201
201
201
197
197
197
197
197
199
199
199
199
199
199
204
204
204
204
204
208
208
208
208
208
203
203
203
203
203
203
200
200
200
200
200
194
194
194
194
194
200
200
200
200
200
200
199
199
199
199
199
209
209
209
209
209
207
207
207
207
207
207
212
212
212
212
212
199
199
199
199
199
206
206
206
206
206
206
204
204
204
204
204
201
201
201
201
201
207
207
207
207
207
207
211
211
211
211
211
211
211
211
211
211
207
207
207
207
207
207
218
218
218
218
218
209
209
209
209
209
217
217
217
217
217
217
208
208
208
208
208
222
222
222
222
222
217
217
217
217
217
217
215
215
215
215
215
209
209
209
209
209
200
200
200
200
200
200
202
202
202
202
202
199
199
199
199
199
199
199
199
199
199
199
200
200
200
200
200
201
201
201
201
201
210
210
210
210
210
210
213
213
213
213
213
213
213
213
213
213
223
223
223
223
223
223
226
226
226
226
226
227
227
227
227
227
229
229
229
229
229
229
228
228
228
228
228
221
221
221
221
221
215
215
215
215
215
215
219
219
219
219
219
218
218
218
218
218
224
224
224
224
224
224
220
220
220
220
220
227
227
227
227
227
241
241
241
241
241
241
244
244
244
244
244
263
263
263
263
263
264
264
264
264
264
264
268
268
268
268
268
268
268
268
268
268
258
258
258
258
258
258
244
244
244
244
244
233
233
233
233
233
223
223
223
223
223
223
219
219
219
219
219
210
210
210
210
210
212
212
212
212
212
212
213
213
213
213
213
219
219
219
219
219
222
222
222
222
222
222
235
235
235
235
235
248
248
248
248
248
254
254
254
254
254
254
265
265
265
265
265
306
306
306
306
306
303
303
303
303
303
303
315
315
315
315
315
319
319
319
319
319
318
318
318
318
318
318
304
304
304
304
304
286
286
286
286
286
289
289
289
289
289
289
266
266
266
266
266
269
269
269
269
269
264
264
264
264
264
264
265
265
265
265
265
258
258
258
258
258
290
290
290
290
290
290
287
287
287
287
287
308
308
308
308
308
317
317
317
317
317
317
318
318
318
318
318
349
349
349
349
349
307
307
307
307
307
307
336
336
336
336
336
321
321
321
321
321
338
338
338
338
338
338
298
298
298
298
298
308
308
308
308
308
293
293
293
293
293
293
302
302
302
302
302
283
283
283
283
283
269
269
269
269
269
269
250
250
250
250
250
258
258
258
258
258
250
250
250
250
250
250
242
242
242
242
242
228
228
228
228
228
242
242
242
242
242
242
235
235
235
235
235
225
225
225
225
225
224
224
224
224
224
224
215
215
215
215
215
220
220
220
220
220
212
212
212
212
212
212
215
215
215
215
215
211
211
211
211
211
209
209
209
209
209
209
212
212
212
212
212
207
207
207
207
207
215
215
215
215
215
215
206
206
206
206
206
209
209
209
209
209
218
218
218
218
218
218
211
211
211
211
211
216
216
216
216
216
201
201
201
201
201
201
205
205
205
205
205
200
200
200
200
200
204
204
204
204
204
204
200
200
200
200
200
209
209
209
209
209
203
203
203
203
203
203
205
205
205
205
205
206
206
206
206
206
213
213
213
213
213
213
205
205
205
205
205
202
202
202
202
202
217
217
217
217
217
217
214
214
214
214
214
204
204
204
204
204
208
208
208
208
208
208
195
195
195
195
195
199
199
199
199
199
202
202
202
202
202
202
198
198
198
198
198
203
203
203
203
203
188
188
188
188
188
188
195
195
195
195
195
189
189
189
189
189
201
201
201
201
201
201
198
198
198
198
198
200
200
200
200
200
197
197
197
197
197
197
192
192
192
192
192
191
191
191
191
191
198
198
198
198
198
198
198
198
198
198
198
194
194
194
194
194
198
198
198
198
198
198
197
197
197
197
197
199
199
199
199
199
193
193
193
193
193
193
197
197
197
197
197
195
195
195
195
195
195
195
195
195
195
195
196
196
196
196
196
201
201
201
201
201
194
194
194
194
194
194
194
194
194
194
194
189
189
189
189
189
193
193
193
193
193
193
188
188
188
188
188
189
189
189
189
189
185
185
185
185
185
185
190
190
190
190
190
187
187
187
187
187
179
179
179
179
179
179
191
191
191
191
191
191
191
191
191
191
190
190
190
190
190
190
192
192
192
192
192
192
192
192
192
192
192
192
192
192
192
192
187
187
187
187
187
196
196
196
196
196
183
183
183
183
183
183
195
195
195
195
195
184
184
184
184
184
193
193
193
193
193
193
190
190
190
190
190
196
196
196
196
196
195
195
195
195
195
195
193
193
193
193
193
190
190
190
190
190
199
199
199
199
199
199
191
191
191
191
191
196
196
196
196
196
184
184
184
184
184
184
196
196
196
196
196
194
194
194
194
194
190
190
190
190
190
190
191
191
191
191
191
194
194
194
194
194
199
199
199
199
199
199
182
182
182
182
182
189
189
189
189
189
186
186
186
186
186
186
191
191
191
191
191
187
187
187
187
187
185
185
185
185
185
185
189
189
189
189
189
197
197
197
197
197
189
189
189
189
189
189
199
199
199
199
199
194
194
194
194
194
195
195
195
195
195
195
195
195
195
195
195
205
205
205
205
205
196
196
196
196
196
196
197
197
197
197
197
197
197
197
197
197
203
203
203
203
203
203
200
200
200
200
200
198
198
198
198
198
190
190
190
190
190
190
197
197
197
197
197
201
201
201
201
201
204
204
204
204
204
204
209
209
209
209
209
201
201
201
201
201
218
218
218
218
218
218
216
216
216
216
216
214
214
214
214
214
217
217
217
217
217
217
215
215
215
215
215
213
213
213
213
213
217
217
217
217
217
217
213
213
213
213
213
205
205
205
205
205
213
213
213
213
213
213
206
206
206
206
206
211
211
211
211
211
216
216
216
216
216
216
219
219
219
219
219
221
221
221
221
221
221
221
221
221
221
221
224
224
224
224
224
229
229
229
229
229
231
231
231
231
231
231
227
227
227
227
227
227
227
227
227
227
227
227
227
227
227
227
213
213
213
213
213
216
216
216
216
216
220
220
220
220
220
220
220
220
220
220
220
215
215
215
215
215
217
217
217
217
217
217
234
234
234
234
234
235
235
235
235
235
248
248
248
248
248
248
253
253
253
253
253
252
252
252
252
252
254
254
254
254
254
254
255
255
255
255
255
257
257
257
257
257
250
250
250
250
250
250
252
252
252
252
252
250
250
250
250
250
249
249
249
249
249
249
252
252
252
252
252
240
240
240
240
240
250
250
250
250
250
250
255
255
255
255
255
236
236
236
236
236
234
234
234
234
234
234
248
248
248
248
248
241
241
241
241
241
239
239
239
239
239
239
227
227
227
227
227
244
244
244
244
244
236
236
236
236
236
236
243
243
243
243
243
244
244
244
244
244
259
259
259
259
259
259
259
259
259
259
259
261
261
261
261
261
274
274
274
274
274
274
263
263
263
263
263
281
281
281
281
281
252
252
252
252
252
252
250
250
250
250
250
245
245
245
245
245
241
241
241
241
241
241
242
242
242
242
242
232
232
232
232
232
234
234
234
234
234
234
235
235
235
235
235
237
237
237
237
237
235
235
235
235
235
235
243
243
243
243
243
226
226
226
226
226
230
230
230
230
230
230
238
238
238
238
238
239
239
239
239
239
245
245
245
245
245
245
250
250
250
250
250
242
242
242
242
242
230
230
230
230
230
230
233
233
233
233
233
234
234
234
234
234
224
224
224
224
224
224
218
218
218
218
218
217
217
217
217
217
206
206
206
206
206
206
207
207
207
207
207
214
214
214
214
214
200
200
200
200
200
200
199
199
199
199
199
207
207
207
207
207
197
197
197
197
197
197
205
205
205
205
205
209
209
209
209
209
208
208
208
208
208
208
202
202
202
202
202
211
211
211
211
211
216
216
216
216
216
216
215
215
215
215
215
206
206
206
206
206
216
216
216
216
216
216
222
222
222
222
222
211
211
211
211
211
218
218
218
218
218
218
207
207
207
207
207
213
213
213
213
213
208
208
208
208
208
208
209
209
209
209
209
199
199
199
199
199
202
202
202
202
202
202
202
202
202
202
202
215
215
215
215
215
207
207
207
207
207
207
212
212
212
212
212
212
212
212
212
212
197
197
197
197
197
197
207
207
207
207
207
208
208
208
208
208
206
206
206
206
206
206
205
205
205
205
205
198
198
198
198
198
201
201
201
201
201
201
196
196
196
196
196
191
191
191
191
191
194
194
194
194
194
194
193
193
193
193
193
194
194
194
194
194
196
196
196
196
196
196
201
201
201
201
201
203
203
203
203
203
206
206
206
206
206
206
197
197
197
197
197
196
196
196
196
196
206
206
206
206
206
206
202
202
202
202
202
203
203
203
203
203
210
210
210
210
210
210
211
211
211
211
211
203
203
203
203
203
214
214
214
214
214
214
200
200
200
200
200
209
209
209
209
209
196
196
196
196
196
196
202
202
202
202
202
199
199
199
199
199
200
200
200
200
200
200
200
200
200
200
200
194
194
194
194
194
206
206
206
206
206
206
195
195
195
195
195
199
199
199
199
199
191
191
191
191
191
191
200
200
200
200
200
195
195
195
195
195
200
200
200
200
200
200
207
207
207
207
207
205
205
205
205
205
215
215
215
215
215
215
208
208
208
208
208
205
205
205
205
205
204
204
204
204
204
204
198
198
198
198
198