207
207
207
207
220
220
220
220
220
220
203
203
203
203
203
210
210
210
210
210
220
220
220
220
220
220
203
203
203
203
203
220
220
220
220
220
211
211
211
211
211
211
216
216
216
216
216
218
218
218
218
218
213
213
213
213
213
213
215
215
215
215
215
208
208
208
208
208
206
206
206
206
206
206
216
216
216
216
216
202
202
202
202
202
209
209
209
209
209
209
203
203
203
203
203
208
208
208
208
208
216
216
216
216
216
216
214
214
214
214
214
207
207
207
207
207
202
202
202
202
202
202
211
211
211
211
211
209
209
209
209
209
203
203
203
203
203
203
209
209
209
209
209
209
209
209
209
209
201
201
201
201
201
201
208
208
208
208
208
218
218
218
218
218
222
222
222
222
222
222
214
214
214
214
214
209
209
209
209
209
208
208
208
208
208
208
207
207
207
207
207
213
213
213
213
213
216
216
216
216
216
216
203
203
203
203
203
208
208
208
208
208
217
217
217
217
217
217
210
210
210
210
210
209
209
209
209
209
205
205
205
205
205
205
207
207
207
207
207
200
200
200
200
200
203
203
203
203
203
203
210
210
210
210
210
202
202
202
202
202
208
208
208
208
208
208
211
211
211
211
211
204
204
204
204
204
208
208
208
208
208
208
215
215
215
215
215
202
202
202
202
202
215
215
215
215
215
215
216
216
216
216
216
217
217
217
217
217
210
210
210
210
210
210
216
216
216
216
216
207
207
207
207
207
216
216
216
216
216
216
208
208
208
208
208
219
219
219
219
219
218
218
218
218
218
218
223
223
223
223
223
204
204
204
204
204
207
207
207
207
207
207
205
205
205
205
205
219
219
219
219
219
206
206
206
206
206
206
205
205
205
205
205
208
208
208
208
208
208
208
208
208
208
208
212
212
212
212
212
206
206
206
206
206
215
215
215
215
215
215
207
207
207
207
207
209
209
209
209
209
222
222
222
222
222
222
217
217
217
217
217
214
214
214
214
214
212
212
212
212
212
212
206
206
206
206
206
203
203
203
203
203
215
215
215
215
215
215
225
225
225
225
225
212
212
212
212
212
214
214
214
214
214
214
212
212
212
212
212
201
201
201
201
201
211
211
211
211
211
211
209
209
209
209
209
206
206
206
206
206
208
208
208
208
208
208
206
206
206
206
206
215
215
215
215
215
202
202
202
202
202
202
207
207
207
207
207
208
208
208
208
208
202
202
202
202
202
202
210
210
210
210
210
202
202
202
202
202
204
204
204
204
204
204
221
221
221
221
221
206
206
206
206
206
211
211
211
211
211
211
211
211
211
211
211
205
205
205
205
205
205
205
205
205
205
205
205
205
205
205
205
204
204
204
204
204
205
205
205
205
205
205
206
206
206
206
206
213
213
213
213
213
213
213
213
213
213
213
204
204
204
204
204
215
215
215
215
215
207
207
207
207
207
207
213
213
213
213
213
208
208
208
208
208
203
203
203
203
203
203
213
213
213
213
213
211
211
211
211
211
210
210
210
210
210
210
204
204
204
204
204
218
218
218
218
218
220
220
220
220
220
220
216
216
216
216
216
214
214
214
214
214
216
216
216
216
216
216
215
215
215
215
215
215
215
215
215
215
211
211
211
211
211
211
211
211
211
211
211
194
194
194
194
194
209
209
209
209
209
209
201
201
201
201
201
203
203
203
203
203
205
205
205
205
205
205
208
208
208
208
208
201
201
201
201
201
201
201
201
201
201
201
208
208
208
208
208
212
212
212
212
212
217
217
217
217
217
217
220
220
220
220
220
214
214
214
214
214
228
228
228
228
228
228
223
223
223
223
223
215
215
215
215
215
213
213
213
213
213
213
206
206
206
206
206
205
205
205
205
205
213
213
213
213
213
213
210
210
210
210
210
207
207
207
207
207
210
210
210
210
210
210
207
207
207
207
207
209
209
209
209
209
216
216
216
216
216
216
213
213
213
213
213
212
212
212
212
212
218
218
218
218
218
218
212
212
212
212
212
219
219
219
219
219
215
215
215
215
215
215
213
213
213
213
213
215
215
215
215
215
216
216
216
216
216
216
217
217
217
217
217
215
215
215
215
215
213
213
213
213
213
213
212
212
212
212
212
213
213
213
213
213
213
213
213
213
213
213
217
217
217
217
217
209
209
209
209
209
217
217
217
217
217
217
209
209
209
209
209
218
218
218
218
218
204
204
204
204
204
204
219
219
219
219
219
211
211
211
211
211
218
218
218
218
218
218
212
212
212
212
212
221
221
221
221
221
213
213
213
213
213
213
218
218
218
218
218
219
219
219
219
219
211
211
211
211
211
211
216
216
216
216
216
209
209
209
209
209
211
211
211
211
211
211
210
210
210
210
210
210
210
210
210
210
208
208
208
208
208
208
211
211
211
211
211
213
213
213
213
213
211
211
211
211
211
211
213
213
213
213
213
202
202
202
202
202
210
210
210
210
210
210
212
212
212
212
212
212
212
212
212
212
211
211
211
211
211
211
211
211
211
211
211
212
212
212
212
212
210
210
210
210
210
210
197
197
197
197
197
204
204
204
204
204
208
208
208
208
208
208
206
206
206
206
206
213
213
213
213
213
204
204
204
204
204
204
205
205
205
205
205
219
219
219
219
219
221
221
221
221
221
221
216
216
216
216
216
214
214
214
214
214
221
221
221
221
221
221
205
205
205
205
205
202
202
202
202
202
199
199
199
199
199
199
196
196
196
196
196
194
194
194
194
194
195
195
195
195
195
195
201
201
201
201
201
203
203
203
203
203
207
207
207
207
207
207
207
207
207
207
207
216
216
216
216
216
215
215
215
215
215
215
221
221
221
221
221
225
225
225
225
225
237
237
237
237
237
237
251
251
251
251
251
278
278
278
278
278
277
277
277
277
277
277
282
282
282
282
282
284
284
284
284
284
260
260
260
260
260
260
230
230
230
230
230
219
219
219
219
219
201
201
201
201
201
201
191
191
191
191
191
180
180
180
180
180
185
185
185
185
185
185
185
185
185
185
185
187
187
187
187
187
197
197
197
197
197
197
215
215
215
215
215
226
226
226
226
226
253
253
253
253
253
253
297
297
297
297
297
329
329
329
329
329
298
298
298
298
298
298
262
262
262
262
262
229
229
229
229
229
210
210
210
210
210
210
208
208
208
208
208
200
200
200
200
200
191
191
191
191
191
191
188
188
188
188
188
193
193
193
193
193
199
199
199
199
199
199
212
212
212
212
212
219
219
219
219
219
228
228
228
228
228
228
252
252
252
252
252
263
263
263
263
263
282
282
282
282
282
282
271
271
271
271
271
264
264
264
264
264
244
244
244
244
244
244
229
229
229
229
229
226
226
226
226
226
213
213
213
213
213
213
195
195
195
195
195
201
201
201
201
201
194
194
194
194
194
194
193
193
193
193
193
188
188
188
188
188
186
186
186
186
186
186
187
187
187
187
187
185
185
185
185
185
188
188
188
188
188
188
188
188
188
188
188
198
198
198
198
198
200
200
200
200
200
200
210
210
210
210
210
222
222
222
222
222
235
235
235
235
235
235
236
236
236
236
236
252
252
252
252
252
242
242
242
242
242
242
235
235
235
235
235
229
229
229
229
229
213
213
213
213
213
213
219
219
219
219
219
208
208
208
208
208
199
199
199
199
199
199
187
187
187
187
187
187
187
187
187
187
193
193
193
193
193
193
197
197
197
197
197
206
206
206
206
206
204
204
204
204
204
204
209
209
209
209
209
225
225
225
225
225
230
230
230
230
230
230
256
256
256
256
256
273
273
273
273
273
288
288
288
288
288
288
311
311
311
311
311
351
351
351
351
351
333
333
333
333
333
333
300
300
300
300
300
243
243
243
243
243
223
223
223
223
223
223
202
202
202
202
202
198
198
198
198
198
188
188
188
188
188
188
187
187
187
187
187
178
178
178
178
178
180
180
180
180
180
180
179
179
179
179
179
186
186
186
186
186
186
186
186
186
186
186
205
205
205
205
205
231
231
231
231
231
256
256
256
256
256
256
265
265
265
265
265
249
249
249
249
249
254
254
254
254
254
254
246
246
246
246
246
220
220
220
220
220
212
212
212
212
212
212
226
226
226
226
226
208
208
208
208
208
225
225
225
225
225
225
223
223
223
223
223
245
245
245
245
245
285
285
285
285
285
285
302
302
302
302
302
322
322
322
322
322
366
366
366
366
366
366
370
370
370
370
370
406
406
406
406
406
359
359
359
359
359
359
330
330
330
330
330
333
333
333
333
333
289
289
289
289
289
289
303
303
303
303
303
295
295
295
295
295
350
350
350
350
350
350
420
420
420
420
420
590
590
590
590
590
1097
1097
1097
1097
1097
1097
1822
1822
1822
1822
1822
2878
2878
2878
2878
2878
3834
3834
3834
3834
3834
3834
4095
4095
4095
4095
4095
4095
4095
4095
4095
4095
4095
4095
4095
4095
4095
4095
4095
4095
4095
4095
4095
4095
4095
4095
4095
4095
3362
3362
3362
3362
3362
3362
1429
1429
1429
1429
1429
260
260
260
260
260
198
198
198
198
198
198
183
183
183
183
183
176
176
176
176
176
177
177
177
177
177
177
172
172
172
172
172
185
185
185
185
185
210
210
210
210
210
210
273
273
273
273
273
1410
1410
1410
1410
1410
3268
3268
3268
3268
3268
3268
4095
4095
4095
4095
4095
4095
4095
4095
4095
4095
4095
4095
4095
4095
4095
4095
4095
4095
4095
4095
4095
3503
3503
3503
3503
3503
2327
2327
2327
2327
2327
2327
1145
1145
1145
1145
1145
413
413
413
413
413
261
261
261
261
261
261
254
254
254
254
254
235
235
235
235
235
249
249
249
249
249
249
250
250
250
250
250
246
246
246
246
246
248
248
248
248
248
248
262
262
262
262
262
253
253
253
253
253
248
248
248
248
248
248
234
234
234
234
234
256
256
256
256
256
243
243
243
243
243
243
255
255
255
255
255
272
272
272
272
272
298
298
298
298
298
298
302
302
302
302
302
323
323
323
323
323
322
322
322
322
322
322
301
301
301
301
301
282
282
282
282
282
264
264
264
264
264
264
249
249
249
249
249
257
257
257
257
257
248
248
248
248
248
248
239
239
239
239
239
232
232
232
232
232
229
229
229
229
229
229
232
232
232
232
232
205
205
205
205
205
216
216
216
216
216
216
200
200
200
200
200
196
196
196
196
196
197
197
197
197
197
197
184
184
184
184
184
198
198
198
198
198
188
188
188
188
188
188
207
207
207
207
207
207
207
207
207
207
214
214
214
214
214
214
232
232
232
232
232
240
240
240
240
240
235
235
235
235
235
235
252
252
252
252
252
230
230
230
230
230
213
213
213
213
213
213
207
207
207
207
207
200
200
200
200
200
187
187
187
187
187
187
183
183
183
183
183
184
184
184
184
184
181
181
181
181
181
181
181
181
181
181
181
188
188
188
188
188
186
186
186
186
186
186
187
187
187
187
187
191
191
191
191
191
192
192
192
192
192
192
184
184
184
184
184
195
195
195
195
195
192
192
192
192
192
192
197
197
197
197
197
188
188
188
188
188
192
192
192
192
192
192
189
189
189
189
189
181
181
181
181
181
187
187
187
187
187
187
177
177
177
177
177
184
184
184
184
184
186
186
186
186
186
186
181
181
181
181
181
186
186
186
186
186
181
181
181
181
181
181
177
177
177
177
177
182
182
182
182
182
186
186
186
186
186
186
180
180
180
180
180
184
184
184
184
184
183
183
183
183
183
183
194
194
194
194
194
182
182
182
182
182
190
190
190
190
190
190
184
184
184
184
184
188
188
188
188
188
195
195
195
195
195
195
187
187
187
187
187
190
190
190
190
190
182
182
182
182
182
182
185
185
185
185
185
183
183
183
183
183
187
187
187
187
187
187
184
184
184
184
184
179
179
179
179
179
181
181
181
181
181
181
180
180
180
180
180
178
178
178
178
178
177
177
177
177
177
177
175
175
175
175
175
183
183
183
183
183
186
186
186
186
186
186
178
178
178
178
178
185
185
185
185
185
177
177
177
177
177
177
184
184
184
184
184
178
178
178
178
178
181
181
181
181
181
181
187
187
187
187
187
183
183
183
183
183
180
180
180
180
180
180
185
185
185
185
185
186
186
186
186
186
186
186
186
186
186
186
176
176
176
176
176
172
172
172
172
172
174
174
174
174
174
174
179
179
179
179
179
185
185
185
185
185
175
175
175
175
175
175
177
177
177
177
177
179
179
179
179
179
178
178
178
178
178
178
178
178
178
178
178
176
176
176
176
176
180
180
180
180
180
180
177
177
177
177
177
172
172
172
172
172
172
172
172
172
172
172
187
187
187
187
187
168
168
168
168
168
191
191
191
191
191
191
182
182
182
182
182
186
186
186
186
186
187
187
187
187
187
187
190
190
190
190
190
193
193
193
193
193
193
193
193
193
193
193
192
192
192
192
192
199
199
199
199
199
194
194
194
194
194
194
191
191
191
191
191
189
189
189
189
189
185
185
185
185
185
185
186
186
186
186
186
185
185
185
185
185
179
179
179
179
179
179
183
183
183
183
183
183
183
183
183
183
177
177
177
177
177
177
187
187
187
187
187
185
185
185
185
185
192
192
192
192
192
192
192
192
192
192
192
184
184
184
184
184
187
187
187
187
187
187
195
195
195
195
195
188
188
188
188
188
185
185
185
185
185
185
190
190
190
190
190
195
195
195
195
195
192
192
192
192
192
192
200
200
200
200
200
191
191
191
191
191
193
193
193
193
193
193
190
190
190
190
190
191
191
191
191
191
188
188
188
188
188
188
193
193
193
193
193
184
184
184
184
184
188
188
188
188
188
188
178
178
178
178
178
188
188
188
188
188
175
175
175
175
175
175
185
185
185
185
185
190
190
190
190
190
193
193
193
193
193
193
203
203
203
203
203
198
198
198
198
198
196
196
196
196
196
196
196
196
196
196
196
191
191
191
191
191
192
192
192
192
192
192
189
189
189
189
189
185
185
185
185
185
188
188
188
188
188
188
197
197
197
197
197
190
190
190
190
190
187
187
187
187
187
187
187
187
187
187
187
188
188
188
188
188
188
188
188
188
188
188
185
185
185
185
185
187
187
187
187
187
196
196
196
196
196
196
191
191
191
191
191
189
189
189
189
189
186
186
186
186
186
186
182
182
182
182
182
182
182
182
182
182
182
182
182
182
182
182
187
187
187
187
187
185
185
185
185
185
190
190
190
190
190
190
183
183
183
183
183
190
190
190
190
190
186
186
186
186
186
186
194
194
194
194
194
193
193
193
193
193
189
189
189
189
189
189
194
194
194
194
194
202
202
202
202
202
193
193
193
193
193
193
196
196
196
196
196
197
197
197
197
197
201
201
201
201
201
201
192
192
192
192
192
192
192
192
192
192
187
187
187
187
187
187
191
191
191
191
191
181
181
181
181
181
196
196
196
196
196
196
192
192
192
192
192
186
186
186
186
186
190
190
190
190
190
190
187
187
187
187
187
198
198
198
198
198
194
194
194
194
194
194
199
199
199
199
199
199
199
199
199
199
204
204
204
204
204
204
206
206
206
206
206
211
211
211
211
211
203
203
203
203
203
203
194
194
194
194
194
203
203
203
203
203
185
185
185
185
185
185
191
191
191
191
191
195
195
195
195
195
188
188
188
188
188
188
193
193
193
193
193
195
195
195
195
195
192
192
192
192
192
192
194
194
194
194
194
202
202
202
202
202
199
199
199
199
199
199
180
180
180
180
180
196
196
196
196
196
195
195
195
195
195
195
188
188
188
188
188
187
187
187
187
187
187
187
187
187
187
187
200
200
200
200
200
185
185
185
185
185
195
195
195
195
195
195
199
199
199
199
199
199
199
199
199
199
193
193
193
193
193
193
199
199
199
199
199
202
202
202
202
202
199
199
199
199
199
199
196
196
196
196
196
195
195
195
195
195
194
194
194
194
194
194
190
190
190
190
190
204
204
204
204
204
200
200
200
200
200
200
188
188
188
188
188
196
196
196
196
196
201
201
201
201
201
201
197
197
197
197
197
207
207
207
207
207
206
206
206
206
206
206
209
209
209
209
209
225
225
225
225
225
212
212
212
212
212
212
201
201
201
201
201
207
207
207
207
207
195
195
195
195
195
195
207
207
207
207
207
199
199
199
199
199
196
196
196
196
196
196
198
198
198
198
198
208
208
208
208
208
192
192
192
192
192
192
207
207
207
207
207
203
203
203
203
203
198
198
198
198
198
198
206
206
206
206
206
206
206
206
206
206
197
197
197
197
197
197
199
199
199
199
199
195
195
195
195
195
193
193
193
193
193
193
200
200
200
200
200
203
203
203
203
203
204
204
204
204
204
204
211
211
211
211
211
205
205
205
205
205
202
202
202
202
202
202
202
202
202
202
202
203
203
203
203
203
194
194
194
194
194
194
196
196
196
196
196
194
194
194
194
194
201
201
201
201
201
201
198
198
198
198
198
198
198
198
198
198
201
201
201
201
201
201
196
196
196
196
196
207
207
207
207
207
206
206
206
206
206
206
197
197
197
197
197
208
208
208
208
208
217
217
217
217
217
217
199
199
199
199
199
206
206
206
206
206
199
199
199
199
199
199
211
211
211
211
211
202
202
202
202
202
190
190
190
190
190
190
196
196
196
196
196
199
199
199
199
199
195
195
195
195
195
195
195
195
195
195
195
197
197
197
197
197
209
209
209
209
209
209
200
200
200
200
200
205
205
205
205
205
221
221
221
221
221
221
220
220
220
220
220
219
219
219
219
219
223
223
223
223
223
223
216
216
216
216
216
216
216
216
216
216
206
206
206
206
206
206
206
206
206
206
206
205
205
205
205
205
203
203
203
203
203
203
204
204
204
204
204
207
207
207
207
207
205
205
205
205
205
205
209
209
209
209
209
209
209
209
209
209
225
225
225
225
225
225
227
227
227
227
227
223
223
223
223
223
234
234
234
234
234
234
247
247
247
247
247
229
229
229
229
229
237
237
237
237
237
237
226
226
226
226
226
216
216
216
216
216
215
215
215
215
215
215
215
215
215
215
215
207
207
207
207
207
214
214
214
214
214
214
205
205
205
205
205
223
223
223
223
223
216
216
216
216
216
216
226
226
226
226
226
224
224
224
224
224
215
215
215
215
215
215
233
233
233
233
233
216
216
216
216
216
209
209
209
209
209
209
213
213
213
213
213
232
232
232
232
232
214
214
214
214
214
214
223
223
223
223
223
220
220
220
220
220
211
211
211
211
211
211
220
220
220
220
220
224
224
224
224
224
235
235
235
235
235
235
227
227
227
227
227
239
239
239
239
239
222
222
222
222
222
222
230
230
230
230
230
217
217
217
217
217
215
215
215
215
215
215
216
216
216
216
216
206
206
206
206
206
211
211
211
211
211
211
217
217
217
217
217
222
222
222
222
222
225
225
225
225
225
225
220
220
220
220
220
234
234
234
234
234
225
225
225
225
225
225
233
233
233
233
233
234
234
234
234
234
226
226
226
226
226
226
226
226
226
226
226
225
225
225
225
225
220
220
220
220
220
220
213
213
213
213
213
224
224
224
224
224
226
226
226
226
226
226
213
213
213
213
213
215
215
215
215
215
210
210
210
210
210
210
221
221
221
221
221
208
208
208
208
208
221
221
221
221
221
221
212
212
212
212
212
221
221
221
221
221
201
201
201
201
201
201
212
212
212
212
212
209
209
209
209
209
208
208
208
208
208
208
203
203
203
203
203
205
205
205
205
205
191
191
191
191
191
191
199
199
199
199
199
202
202
202
202
202
199
199
199
199
199
199
204
204
204
204
204
200
200
200
200
200
211
211
211
211
211
211
195
195
195
195
195
208
208
208
208
208
196
196
196
196
196
196
194
194
194
194
194
201
201
201
201
201
199
199
199
199
199
199
192
192
192
192
192
198
198
198
198
198
188
188
188
188
188
188
187
187
187
187
187
195
195
195
195
195
186
186
186
186
186
186
192
192
192
192
192
191
191
191
191
191
192
192
192
192
192
192
188
188
188
188
188
184
184
184
184
184
199
199
199
199
199
199
179
179
179
179
179
194
194
194
194
194
187
187
187
187
187
187
190
190
190
190
190
193
193
193
193
193
186
186
186
186
186
186
194
194
194
194
194
190
190
190
190
190
190
190
190
190
190
190
191
191
191
191
191
191
191
191
191
191
187
187
187
187
187
187
187
187
187
187
187
192
192
192
192
192
192
192
192
192
192
192
186
186
186
186
186
183
183
183
183
183
191
191
191
191
191
191
188
188
188
188
188
187
187
187
187
187
190
190
190
190
190
190
181
181
181
181
181
188
188
188
188
188
183
183
183
183
183
183
178
178
178
178
178
182
182
182
182
182
189
189
189
189
189
189
192
192
192
192
192
189
189
189
189
189
184
184
184
184
184
184
192
192
192
192
192
196
196
196
196
196
190
190
190
190
190
190
188
188
188
188
188
188
188
188
188
188
182
182
182
182
182
182
183
183
183
183
183
181
181
181
181
181
174
174
174
174
174
174
186
186
186
186
186
185
185
185
185
185
186
186
186
186
186
186
183
183
183
183
183
184
184
184
184
184
185
185
185
185
185
185
194
194
194
194
194
180
180
180
180
180
192
192
192
192
192
192
195
195
195
195
195
183
183
183
183
183
189
189
189
189
189
189
186
186
186
186
186
189
189
189
189
189
188
188
188
188
188
188
191
191
191
191
191
187
187
187
187
187
183
183
183
183
183
183
188
188
188
188
188
200
200
200
200
200
193
193
193
193
193
193
176
176
176
176
176
197
197
197
197
197
193
193
193
193
193
193
190
190
190
190
190
182
182
182
182
182
184
184
184
184
184
184
187
187
187
187
187
189
189
189
189
189
185
185
185
185
185
185
191
191
191
191
191
203
203
203
203
203
198
198
198
198
198
198
193
193
193
193
193
188
188
188
188
188
186
186
186
186
186
186
189
189
189
189
189
192
192
192
192
192
195
195
195
195
195
195
194
194
194
194
194
188
188
188
188
188
193
193
193
193
193
193
201
201
201
201
201
193
193
193
193
193
195
195
195
195
195
195
195
195
195
195
195
198
198
198
198
198
204
204
204
204
204
204
205
205
205
205
205
204
204
204
204
204
213
213
213
213
213
213
203
203
203
203
203
203
203
203
203
203
214
214
214
214
214
214
214
214
214
214
214
207
207
207
207
207
204
204
204
204
204
204
202
202
202
202
202
215
215
215
215
215
213
213
213
213
213
213
213
213
213
213
213
213
213
213
213
213
201
201
201
201
201
201
204
204
204
204
204
207
207
207
207
207
203
203
203
203
203
203
211
211
211
211
211
203
203
203
203
203
200
200
200
200
200
200
205
205
205
205
205
224
224
224
224
224
212
212
212
212
212
212
214
214
214
214
214
222
222
222
222
222
209
209
209