200
200
200
202
202
202
202
202
195
195
195
195
195
195
203
203
203
203
203
190
190
190
190
190
201
201
201
201
201
201
200
200
200
200
200
201
201
201
201
201
195
195
195
195
195
195
199
199
199
199
199
200
200
200
200
200
199
199
199
199
199
199
189
189
189
189
189
205
205
205
205
205
199
199
199
199
199
199
205
205
205
205
205
205
205
205
205
205
206
206
206
206
206
206
189
189
189
189
189
206
206
206
206
206
203
203
203
203
203
203
202
202
202
202
202
200
200
200
200
200
202
202
202
202
202
202
204
204
204
204
204
203
203
203
203
203
198
198
198
198
198
198
210
210
210
210
210
198
198
198
198
198
203
203
203
203
203
203
202
202
202
202
202
197
197
197
197
197
203
203
203
203
203
203
204
204
204
204
204
199
199
199
199
199
202
202
202
202
202
202
199
199
199
199
199
202
202
202
202
202
197
197
197
197
197
197
209
209
209
209
209
209
209
209
209
209
204
204
204
204
204
204
212
212
212
212
212
201
201
201
201
201
194
194
194
194
194
194
196
196
196
196
196
193
193
193
193
193
187
187
187
187
187
187
195
195
195
195
195
186
186
186
186
186
185
185
185
185
185
185
182
182
182
182
182
187
187
187
187
187
189
189
189
189
189
189
191
191
191
191
191
179
179
179
179
179
189
189
189
189
189
189
187
187
187
187
187
194
194
194
194
194
198
198
198
198
198
198
195
195
195
195
195
190
190
190
190
190
195
195
195
195
195
195
197
197
197
197
197
190
190
190
190
190
204
204
204
204
204
204
195
195
195
195
195
197
197
197
197
197
202
202
202
202
202
202
196
196
196
196
196
202
202
202
202
202
202
202
202
202
202
202
214
214
214
214
214
209
209
209
209
209
207
207
207
207
207
207
218
218
218
218
218
215
215
215
215
215
221
221
221
221
221
221
221
221
221
221
221
218
218
218
218
218
233
233
233
233
233
233
238
238
238
238
238
251
251
251
251
251
265
265
265
265
265
265
285
285
285
285
285
290
290
290
290
290
318
318
318
318
318
318
371
371
371
371
371
406
406
406
406
406
411
411
411
411
411
411
469
469
469
469
469
493
493
493
493
493
564
564
564
564
564
564
661
661
661
661
661
716
716
716
716
716
818
818
818
818
818
818
1000
1000
1000
1000
1000
1287
1287
1287
1287
1287
1813
1813
1813
1813
1813
1813
2552
2552
2552
2552
2552
3538
3538
3538
3538
3538
4095
4095
4095
4095
4095
4095
4095
4095
4095
4095
4095
4095
4095
4095
4095
4095
4095
4095
4095
4095
4095
4095
4095
4095
4095
4095
4095
4095
4095
4095
4095
4095
4095
4095
4095
4095
4095
4095
4095
4095
4095
4095
4095
2919
2919
2919
2919
2919
984
984
984
984
984
984
244
244
244
244
244
203
203
203
203
203
182
182
182
182
182
182
179
179
179
179
179
183
183
183
183
183
177
177
177
177
177
177
171
171
171
171
171
182
182
182
182
182
180
180
180
180
180
180
203
203
203
203
203
229
229
229
229
229
257
257
257
257
257
257
353
353
353
353
353
457
457
457
457
457
355
355
355
355
355
355
262
262
262
262
262
222
222
222
222
222
203
203
203
203
203
203
191
191
191
191
191
176
176
176
176
176
178
178
178
178
178
178
182
182
182
182
182
184
184
184
184
184
176
176
176
176
176
176
180
180
180
180
180
182
182
182
182
182
179
179
179
179
179
179
180
180
180
180
180
194
194
194
194
194
192
192
192
192
192
192
198
198
198
198
198
211
211
211
211
211
215
215
215
215
215
215
224
224
224
224
224
225
225
225
225
225
216
216
216
216
216
216
206
206
206
206
206
191
191
191
191
191
186
186
186
186
186
186
185
185
185
185
185
176
176
176
176
176
179
179
179
179
179
179
175
175
175
175
175
172
172
172
172
172
177
177
177
177
177
177
180
180
180
180
180
181
181
181
181
181
188
188
188
188
188
188
191
191
191
191
191
196
196
196
196
196
194
194
194
194
194
194
197
197
197
197
197
215
215
215
215
215
214
214
214
214
214
214
234
234
234
234
234
265
265
265
265
265
274
274
274
274
274
274
277
277
277
277
277
281
281
281
281
281
249
249
249
249
249
249
240
240
240
240
240
217
217
217
217
217
208
208
208
208
208
208
197
197
197
197
197
188
188
188
188
188
199
199
199
199
199
199
206
206
206
206
206
200
200
200
200
200
215
215
215
215
215
215
212
212
212
212
212
235
235
235
235
235
252
252
252
252
252
252
271
271
271
271
271
284
284
284
284
284
309
309
309
309
309
309
313
313
313
313
313
285
285
285
285
285
270
270
270
270
270
270
254
254
254
254
254
255
255
255
255
255
244
244
244
244
244
244
211
211
211
211
211
219
219
219
219
219
213
213
213
213
213
213
203
203
203
203
203
200
200
200
200
200
199
199
199
199
199
199
190
190
190
190
190
190
190
190
190
190
187
187
187
187
187
187
187
187
187
187
187
196
196
196
196
196
183
183
183
183
183
183
188
188
188
188
188
192
192
192
192
192
179
179
179
179
179
179
181
181
181
181
181
184
184
184
184
184
181
181
181
181
181
181
185
185
185
185
185
179
179
179
179
179
179
179
179
179
179
179
181
181
181
181
181
172
172
172
172
172
176
176
176
176
176
176
173
173
173
173
173
176
176
176
176
176
174
174
174
174
174
174
173
173
173
173
173
176
176
176
176
176
177
177
177
177
177
177
179
179
179
179
179
171
171
171
171
171
178
178
178
178
178
178
181
181
181
181
181
179
179
179
179
179
180
180
180
180
180
180
188
188
188
188
188
190
190
190
190
190
189
189
189
189
189
189
188
188
188
188
188
184
184
184
184
184
185
185
185
185
185
185
179
179
179
179
179
180
180
180
180
180
181
181
181
181
181
181
177
177
177
177
177
181
181
181
181
181
186
186
186
186
186
186
189
189
189
189
189
183
183
183
183
183
180
180
180
180
180
180
184
184
184
184
184
185
185
185
185
185
183
183
183
183
183
183
178
178
178
178
178
183
183
183
183
183
175
175
175
175
175
175
180
180
180
180
180
177
177
177
177
177
186
186
186
186
186
186
179
179
179
179
179
186
186
186
186
186
185
185
185
185
185
185
174
174
174
174
174
181
181
181
181
181
180
180
180
180
180
180
185
185
185
185
185
176
176
176
176
176
185
185
185
185
185
185
184
184
184
184
184
188
188
188
188
188
192
192
192
192
192
192
184
184
184
184
184
180
180
180
180
180
183
183
183
183
183
183
184
184
184
184
184
177
177
177
177
177
181
181
181
181
181
181
181
181
181
181
181
182
182
182
182
182
192
192
192
192
192
192
185
185
185
185
185
186
186
186
186
186
199
199
199
199
199
199
189
189
189
189
189
190
190
190
190
190
189
189
189
189
189
189
182
182
182
182
182
190
190
190
190
190
182
182
182
182
182
182
176
176
176
176
176
186
186
186
186
186
184
184
184
184
184
184
178
178
178
178
178
184
184
184
184
184
182
182
182
182
182
182
177
177
177
177
177
189
189
189
189
189
184
184
184
184
184
184
187
187
187
187
187
181
181
181
181
181
182
182
182
182
182
182
184
184
184
184
184
176
176
176
176
176
182
182
182
182
182
182
181
181
181
181
181
180
180
180
180
180
179
179
179
179
179
179
177
177
177
177
177
178
178
178
178
178
171
171
171
171
171
171
182
182
182
182
182
183
183
183
183
183
182
182
182
182
182
182
178
178
178
178
178
178
178
178
178
178
183
183
183
183
183
183
183
183
183
183
183
187
187
187
187
187
183
183
183
183
183
183
183
183
183
183
183
181
181
181
181
181
185
185
185
185
185
185
185
185
185
185
185
185
185
185
185
185
184
184
184
184
184
184
179
179
179
179
179
179
179
179
179
179
186
186
186
186
186
186
185
185
185
185
185
181
181
181
181
181
178
178
178
178
178
178
186
186
186
186
186
188
188
188
188
188
187
187
187
187
187
187
192
192
192
192
192
192
192
192
192
192
191
191
191
191
191
191
190
190
190
190
190
187
187
187
187
187
192
192
192
192
192
192
191
191
191
191
191
194
194
194
194
194
188
188
188
188
188
188
185
185
185
185
185
187
187
187
187
187
194
194
194
194
194
194
190
190
190
190
190
195
195
195
195
195
190
190
190
190
190
190
195
195
195
195
195
202
202
202
202
202
209
209
209
209
209
209
199
199
199
199
199
208
208
208
208
208
201
201
201
201
201
201
195
195
195
195
195
201
201
201
201
201
204
204
204
204
204
204
215
215
215
215
215
209
209
209
209
209
211
211
211
211
211
211
210
210
210
210
210
210
210
210
210
210
202
202
202
202
202
202
199
199
199
199
199
206
206
206
206
206
202
202
202
202
202
202
199
199
199
199
199
207
207
207
207
207
193
193
193
193
193
193
198
198
198
198
198
197
197
197
197
197
205
205
205
205
205
205
202
202
202
202
202
225
225
225
225
225
236
236
236
236
236
236
223
223
223
223
223
226
226
226
226
226
216
216
216
216
216
216
223
223
223
223
223
212
212
212
212
212
216
216
216
216
216
216
220
220
220
220
220
209
209
209
209
209
207
207
207
207
207
207
211
211
211
211
211
207
207
207
207
207
220
220
220
220
220
220
216
216
216
216
216
221
221
221
221
221
227
227
227
227
227
227
205
205
205
205
205
218
218
218
218
218
201
201
201
201
201
201
222
222
222
222
222
211
211
211
211
211
229
229
229
229
229
229
236
236
236
236
236
232
232
232
232
232
229
229
229
229
229
229
228
228
228
228
228
236
236
236
236
236
235
235
235
235
235
235
234
234
234
234
234
230
230
230
230
230
228
228
228
228
228
228
229
229
229
229
229
221
221
221
221
221
227
227
227
227
227
227
222
222
222
222
222
218
218
218
218
218
224
224
224
224
224
224
232
232
232
232
232
221
221
221
221
221
206
206
206
206
206
206
232
232
232
232
232
226
226
226
226
226
232
232
232
232
232
232
241
241
241
241
241
244
244
244
244
244
260
260
260
260
260
260
251
251
251
251
251
269
269
269
269
269
271
271
271
271
271
271
258
258
258
258
258
257
257
257
257
257
245
245
245
245
245
245
239
239
239
239
239
245
245
245
245
245
246
246
246
246
246
246
242
242
242
242
242
245
245
245
245
245
262
262
262
262
262
262
259
259
259
259
259
260
260
260
260
260
257
257
257
257
257
257
296
296
296
296
296
295
295
295
295
295
289
289
289
289
289
289
289
289
289
289
289
283
283
283
283
283
261
261
261
261
261
261
256
256
256
256
256
248
248
248
248
248
230
230
230
230
230
230
236
236
236
236
236
225
225
225
225
225
249
249
249
249
249
249
237
237
237
237
237
240
240
240
240
240
241
241
241
241
241
241
259
259
259
259
259
271
271
271
271
271
270
270
270
270
270
270
285
285
285
285
285
297
297
297
297
297
304
304
304
304
304
304
277
277
277
277
277
292
292
292
292
292
278
278
278
278
278
278
282
282
282
282
282
298
298
298
298
298
285
285
285
285
285
285
284
284
284
284
284
274
274
274
274
274
265
265
265
265
265
265
256
256
256
256
256
264
264
264
264
264
250
250
250
250
250
250
275
275
275
275
275
274
274
274
274
274
262
262
262
262
262
262
275
275
275
275
275
298
298
298
298
298
311
311
311
311
311
311
315
315
315
315
315
321
321
321
321
321
342
342
342
342
342
342
355
355
355
355
355
379
379
379
379
379
421
421
421
421
421
421
395
395
395
395
395
376
376
376
376
376
366
366
366
366
366
366
326
326
326
326
326
317
317
317
317
317
322
322
322
322
322
322
305
305
305
305
305
298
298
298
298
298
270
270
270
270
270
270
300
300
300
300
300
286
286
286
286
286
274
274
274
274
274
274
312
312
312
312
312
286
286
286
286
286
337
337
337
337
337
337
332
332
332
332
332
360
360
360
360
360
365
365
365
365
365
365
431
431
431
431
431
449
449
449
449
449
492
492
492
492
492
492
513
513
513
513
513
453
453
453
453
453
420
420
420
420
420
420
386
386
386
386
386
320
320
320
320
320
338
338
338
338
338
338
291
291
291
291
291
306
306
306
306
306
333
333
333
333
333
333
328
328
328
328
328
351
351
351
351
351
384
384
384
384
384
384
453
453
453
453
453
502
502
502
502
502
576
576
576
576
576
576
599
599
599
599
599
625
625
625
625
625
578
578
578
578
578
578
502
502
502
502
502
486
486
486
486
486
437
437
437
437
437
437
394
394
394
394
394
375
375
375
375
375
354
354
354
354
354
354
373
373
373
373
373
383
383
383
383
383
379
379
379
379
379
379
366
366
366
366
366
389
389
389
389
389
367
367
367
367
367
367
356
356
356
356
356
369
369
369
369
369
354
354
354
354
354
354
329
329
329
329
329
351
351
351
351
351
337
337
337
337
337
337
314
314
314
314
314
305
305
305
305
305
308
308
308
308
308
308
275
275
275
275
275
279
279
279
279
279
270
270
270
270
270
270
277
277
277
277
277
277
277
277
277
277
277
277
277
277
277
277
262
262
262
262
262
261
261
261
261
261
276
276
276
276
276
276
270
270
270
270
270
247
247
247
247
247
264
264
264
264
264
264
239
239
239
239
239
245
245
245
245
245
254
254
254
254
254
254
270
270
270
270
270
235
235
235
235
235
261
261
261
261
261
261
243
243
243
243
243
236
236
236
236
236
239
239
239
239
239
239
252
252
252
252
252
227
227
227
227
227
230
230
230
230
230
230
238
238
238
238
238
246
246
246
246
246
236
236
236
236
236
236
229
229
229
229
229
237
237
237
237
237
241
241
241
241
241
241
250
250
250
250
250
250
250
250
250
250
243
243
243
243
243
243
232
232
232
232
232
236
236
236
236
236
235
235
235
235
235
235
231
231
231
231
231
225
225
225
225
225
232
232
232
232
232
232
217
217
217
217
217
234
234
234
234
234
230
230
230
230
230
230
225
225
225
225
225
219
219
219
219
219
232
232
232
232
232
232
226
226
226
226
226
215
215
215
215
215
228
228
228
228
228
228
219
219
219
219
219
226
226
226
226
226
219
219
219
219
219
219
217
217
217
217
217
210
210
210
210
210
204
204
204
204
204
204
210
210
210
210
210
217
217
217
217
217
200
200
200
200
200
200
207
207
207
207
207
202
202
202
202
202
212
212
212
212
212
212
204
204
204
204
204
196
196
196
196
196
210
210
210
210
210
210
204
204
204
204
204
207
207
207
207
207
200
200
200
200
200
200
201
201
201
201
201
197
197
197
197
197
187
187
187
187
187
187
196
196
196
196
196
195
195
195
195
195
193
193
193
193
193
193
192
192
192
192
192
194
194
194
194
194
189
189
189
189
189
189
189
189
189
189
189
179
179
179
179
179
195
195
195
195
195
195
191
191
191
191
191
201
201
201
201
201
187
187
187
187
187
187
193
193
193
193
193
192
192
192
192
192
186
186
186
186
186
186
187
187
187
187
187
188
188
188
188
188
185
185
185
185
185
185
193
193
193
193
193
183
183
183
183
183
185
185
185
185
185
185
194
194
194
194
194
192
192
192
192
192
194
194
194
194
194
194
181
181
181
181
181
189
189
189
189
189
186
186
186
186
186
186
183
183
183
183
183
182
182
182
182
182
185
185
185
185
185
185
183
183
183
183
183
185
185
185
185
185
181
181
181
181
181
181
179
179
179
179
179
191
191
191
191
191
186
186
186
186
186
186
186
186
186
186
186
186
186
186
186
186
180
180
180
180
180
180
187
187
187
187
187
189
189
189
189
189
190
190
190
190
190
190
188
188
188
188
188
184
184
184
184
184
183
183
183
183
183
183
192
192
192
192
192
186
186
186
186
186
195
195
195
195
195
195
192
192
192
192
192
194
194
194
194
194
191
191
191
191
191
191
193
193
193
193
193
191
191
191
191
191
196
196
196
196
196
196
193
193
193
193
193
195
195
195
195
195
192
192
192
192
192
192
187
187
187
187
187
196
196
196
196
196
204
204
204
204
204
204
195
195
195
195
195
198
198
198
198
198
196
196
196
196
196
196
203
203
203
203
203
197
197
197
197
197
198
198
198
198
198
198
202
202
202
202
202
198
198
198
198
198
195
195
195
195
195
195
204
204
204
204
204
203
203
203
203
203
200
200
200
200
200
200
204
204
204
204
204
204
204
204
204
204
207
207
207
207
207
207
207
207
207
207
207
207
207
207
207
207
208
208
208
208
208
208
211
211
211
211
211
215
215
215
215
215
209
209
209
209
209
209
213
213
213
213
213
207
207
207
207
207
210
210
210
210
210
210
210
210
210
210
210
206
206
206
206
206
204
204
204
204
204
204
207
207
207
207
207
205
205
205
205
205
211
211
211
211
211
211
214
214
214
214
214
213
213
213
213
213
223
223
223
223
223
223
217
217
217
217
217
217
217
217
217
217
218
218
218
218
218
218
204
204
204
204
204
216
216
216
216
216
216
216
216
216
216
216
216
216
216
216
216
219
219
219
219
219
217
217
217
217
217
217
223
223
223
223
223
224
224
224
224
224
228
228
228
228
228
228
224
224
224
224
224
225
225
225
225
225
222
222
222
222
222
222
221
221
221
221
221
216
216
216
216
216
223
223
223
223
223
223
223
223
223
223
223
230
230
230
230
230
227
227
227
227
227
227
228
228
228
228
228
228
228
228
228
228
229
229
229
229
229
229
228
228
228
228
228
225
225
225
225
225
229
229
229
229
229
229
236
236
236
236
236
235
235
235
235
235
230
230
230
230
230
230
236
236
236
236
236
226
226
226
226
226
220
220
220
220
220
220
235
235
235
235
235
232
232
232
232
232
230
230
230
230
230
230
231
231
231
231
231
231
231
231
231
231
223
223
223
223
223
223
217
217
217
217
217
220
220
220
220
220
221
221
221
221
221
221
217
217
217
217
217
211
211
211
211
211
222
222
222
222
222
222
221
221
221
221
221
222
222
222
222
222
230
230
230
230
230
230
231
231
231
231
231
236
236
236
236
236
240
240
240
240
240
240
242
242
242
242
242
239
239
239
239
239
245
245
245
245
245
245
246
246
246
246
246
250
250
250
250
250
245
245
245
245
245
245
241
241
241
241
241
228
228
228
228
228
235
235
235
235
235
235
223
223
223
223
223
228
228
228
228
228
218
218
218
218
218
218
214
214
214
214
214
217
217
217
217
217
216
216
216
216
216
216
220
220
220
220
220
219
219
219
219
219
227
227
227
227
227
227
224
224
224
224
224
238
238
238
238
238
238
238
238
238
238
238
235
235
235
235
235
247
247
247
247
247
231
231
231
231
231
231
234
234
234
234
234
232
232
232
232
232
231
231
231
231
231
231
217
217
217
217
217
226
226
226
226
226
223
223
223
223
223
223
222
222
222
222
222
217
217
217
217
217
221
221
221
221
221
221
211
211
211
211
211
216
216
216
216
216
223
223
223
223
223
223
219
219
219
219
219
227
227
227
227
227
226
226
226
226
226
226
239
239
239
239
239
235
235
235
235
235
229
229
229
229
229
229
230
230
230
230
230
227
227
227
227
227
225
225
225
225
225
225
218
218
218
218
218
215
215
215
215
215
218
218
218
218
218
218
222
222
222
222
222
211
211
211
211
211
212
212
212
212
212
212
213
213
213
213
213
211
211
211
211
211
215
215
215
215
215
215
213
213
213
213
213
218
218
218
218
218
219
219
219
219
219
219
221
221
221
221
221
230
230
230
230
230
228
228
228
228
228
228
220
220
220
220
220
226
226
226
226
226
239
239
239
239
239
239
228
228
228
228
228
230
230
230
230
230
222
222
222
222
222
222
216
216
216
216
216
212
212
212
212
212
218
218
218
218
218
218
214
214
214
214
214
213
213
213
213
213
224
224
224
224
224
224
220
220
220
220
220
211
211
211
211
211
222
222
222
222
222
222
217
217
217
217
217
225
225
225
225
225
221
221
221
221
221
221
222
222
222
222
222
237
237
237
237
237
231
231
231
231
231
231
222
222
222
222
222
232
232
232
232
232
230
230
230
230
230
230
223
223
223
223
223
241
241
241
241
241
228
228
228
228
228
228
227
227
227
227
227
225
225
225
225
225
224
224
224
224
224
224
224
224
224
224
224
213
213
213
213
213
213
213
213
213
213
213
220
220
220
220
220
228
228
228
228
228
227
227
227
227
227
227
223
223
223
223
223
223
223
223
223
223
228
228
228
228
228
228
222
222
222
222
222
227
227
227
227
227
239
239
239
239
239
239
223
223
223
223
223
236
236
236
236
236
240
240
240
240
240
240
237
237
237
237
237
234
234
234
234
234
235
235
235
235
235
235
236
236
236
236
236
239
239
239
239
239
233
233
233
233
233
233
249
249
249
249
249
245
245
245
245
245
241
241
241
241
241
241
235
235
235
235
235
238
238
238
238
238
245
245
245
245
245
245
232
232
232
232
232
250
250
250
250
250
251
251
251
251
251
251
245
245
245
245
245
254
254
254
254
254
237
237
237
237
237
237
258
258
258
258
258
250
250
250
250
250
263
263
263
263
263
263
242
242
242
242
242
239
239
239
239
239
262
262
262
262
262
262
251
251
251
251
251
249
249
249
249
249
238
238
238
238
238
238
242
242
242
242
242
242
242
242
242
242
246
246
246
246
246
246
241
241
241
241
241
247
247
247
247
247
235
235
235
235
235
235
245
245
245
245
245
227
227
227
227
227
245
245
245
245
245
245
242
242
242
242
242
251
251
251
251
251
242
242
242
242
242
242
248
248
248
248
248
240
240
240
240
240
259
259
259
259
259
259
254
254
254
254
254
238
238
238
238
238
241
241
241
241
241
241
245
245
245
245
245
224
224
224
224
224
238
238
238
238
238
238
245
245
245
245
245
246
246
246
246
246
234
234
234
234
234
234
243
243
243
243
243
239
239
239
239
239
239
239
239
239
239
239
232
232
232
232
232
253
253
253
253
253
261
261
261
261
261
261
244
244
244
244
244
243
243
243
243
243
260
260
260
260
260
260
237
237
237
237
237
236
236
236
236
236
218
218
218
218
218
218
240
240
240
240
240
216
216
216
216
216
221
221
221
221
221
221
230
230
230
230
230
220
220
220
220
220
217
217
217
217
217
217
219
219
219
219
219
236
236
236
236
236
218
218
218
218
218
218
227
227
227
227
227
232
232
232
232
232
222
222
222
222
222
222
231
231
231
231
231
227
227
227
227
227
238
238
238
238
238
238
227
227
227
227
227
215
215
215
215
215
226
226
226
226
226
226
224
224
224
224
224
220
220
220
220
220
220
220
220
220
220
220
230
230
230
230
230
223
223
223
223