209
209
196
196
196
196
196
214
214
214
214
214
206
206
206
206
206
206
201
201
201
201
201
203
203
203
203
203
204
204
204
204
204
204
207
207
207
207
207
211
211
211
211
211
214
214
214
214
214
214
202
202
202
202
202
205
205
205
205
205
205
205
205
205
205
205
199
199
199
199
199
202
202
202
202
202
204
204
204
204
204
204
196
196
196
196
196
200
200
200
200
200
197
197
197
197
197
197
200
200
200
200
200
203
203
203
203
203
193
193
193
193
193
193
206
206
206
206
206
196
196
196
196
196
189
189
189
189
189
189
195
195
195
195
195
200
200
200
200
200
193
193
193
193
193
193
201
201
201
201
201
215
215
215
215
215
200
200
200
200
200
200
205
205
205
205
205
198
198
198
198
198
203
203
203
203
203
203
202
202
202
202
202
199
199
199
199
199
205
205
205
205
205
205
197
197
197
197
197
200
200
200
200
200
197
197
197
197
197
197
190
190
190
190
190
187
187
187
187
187
189
189
189
189
189
189
184
184
184
184
184
190
190
190
190
190
197
197
197
197
197
197
200
200
200
200
200
216
216
216
216
216
224
224
224
224
224
224
222
222
222
222
222
243
243
243
243
243
222
222
222
222
222
222
214
214
214
214
214
212
212
212
212
212
209
209
209
209
209
209
196
196
196
196
196
190
190
190
190
190
193
193
193
193
193
193
193
193
193
193
193
185
185
185
185
185
186
186
186
186
186
186
194
194
194
194
194
191
191
191
191
191
187
187
187
187
187
187
200
200
200
200
200
200
200
200
200
200
198
198
198
198
198
198
211
211
211
211
211
192
192
192
192
192
189
189
189
189
189
189
187
187
187
187
187
190
190
190
190
190
192
192
192
192
192
192
189
189
189
189
189
195
195
195
195
195
197
197
197
197
197
197
208
208
208
208
208
227
227
227
227
227
253
253
253
253
253
253
253
253
253
253
253
263
263
263
263
263
251
251
251
251
251
251
232
232
232
232
232
212
212
212
212
212
207
207
207
207
207
207
204
204
204
204
204
186
186
186
186
186
180
180
180
180
180
180
186
186
186
186
186
178
178
178
178
178
179
179
179
179
179
179
183
183
183
183
183
196
196
196
196
196
197
197
197
197
197
197
217
217
217
217
217
229
229
229
229
229
230
230
230
230
230
230
262
262
262
262
262
243
243
243
243
243
252
252
252
252
252
252
231
231
231
231
231
219
219
219
219
219
201
201
201
201
201
201
197
197
197
197
197
194
194
194
194
194
194
194
194
194
194
194
186
186
186
186
186
193
193
193
193
193
190
190
190
190
190
190
191
191
191
191
191
203
203
203
203
203
201
201
201
201
201
201
202
202
202
202
202
211
211
211
211
211
211
211
211
211
211
211
217
217
217
217
217
206
206
206
206
206
210
210
210
210
210
210
203
203
203
203
203
206
206
206
206
206
219
219
219
219
219
219
232
232
232
232
232
252
252
252
252
252
298
298
298
298
298
298
435
435
435
435
435
767
767
767
767
767
1054
1054
1054
1054
1054
1054
1249
1249
1249
1249
1249
1267
1267
1267
1267
1267
1271
1271
1271
1271
1271
1271
1196
1196
1196
1196
1196
1064
1064
1064
1064
1064
904
904
904
904
904
904
710
710
710
710
710
484
484
484
484
484
324
324
324
324
324
324
278
278
278
278
278
240
240
240
240
240
220
220
220
220
220
220
207
207
207
207
207
199
199
199
199
199
197
197
197
197
197
197
201
201
201
201
201
202
202
202
202
202
219
219
219
219
219
219
272
272
272
272
272
342
342
342
342
342
665
665
665
665
665
665
1059
1059
1059
1059
1059
1199
1199
1199
1199
1199
1040
1040
1040
1040
1040
1040
624
624
624
624
624
343
343
343
343
343
269
269
269
269
269
269
229
229
229
229
229
223
223
223
223
223
234
234
234
234
234
234
220
220
220
220
220
234
234
234
234
234
223
223
223
223
223
223
229
229
229
229
229
234
234
234
234
234
239
239
239
239
239
239
254
254
254
254
254
249
249
249
249
249
281
281
281
281
281
281
304
304
304
304
304
346
346
346
346
346
514
514
514
514
514
514
792
792
792
792
792
1185
1185
1185
1185
1185
1612
1612
1612
1612
1612
1612
1919
1919
1919
1919
1919
1938
1938
1938
1938
1938
1715
1715
1715
1715
1715
1715
1285
1285
1285
1285
1285
792
792
792
792
792
401
401
401
401
401
401
266
266
266
266
266
227
227
227
227
227
215
215
215
215
215
215
207
207
207
207
207
208
208
208
208
208
206
206
206
206
206
206
215
215
215
215
215
231
231
231
231
231
245
245
245
245
245
245
325
325
325
325
325
521
521
521
521
521
957
957
957
957
957
957
1373
1373
1373
1373
1373
1717
1717
1717
1717
1717
1895
1895
1895
1895
1895
1895
1775
1775
1775
1775
1775
1487
1487
1487
1487
1487
1028
1028
1028
1028
1028
1028
572
572
572
572
572
345
345
345
345
345
257
257
257
257
257
257
233
233
233
233
233
219
219
219
219
219
221
221
221
221
221
221
226
226
226
226
226
222
222
222
222
222
219
219
219
219
219
219
234
234
234
234
234
246
246
246
246
246
256
256
256
256
256
256
269
269
269
269
269
312
312
312
312
312
311
311
311
311
311
311
317
317
317
317
317
285
285
285
285
285
301
301
301
301
301
301
273
273
273
273
273
250
250
250
250
250
253
253
253
253
253
253
243
243
243
243
243
238
238
238
238
238
241
241
241
241
241
241
220
220
220
220
220
220
220
220
220
220
230
230
230
230
230
230
239
239
239
239
239
248
248
248
248
248
273
273
273
273
273
273
310
310
310
310
310
407
407
407
407
407
744
744
744
744
744
744
1231
1231
1231
1231
1231
1707
1707
1707
1707
1707
2219
2219
2219
2219
2219
2219
2797
2797
2797
2797
2797
3271
3271
3271
3271
3271
3672
3672
3672
3672
3672
3672
3950
3950
3950
3950
3950
4095
4095
4095
4095
4095
4095
4095
4095
4095
4095
4095
4095
4095
4095
4095
4095
3988
3988
3988
3988
3988
3649
3649
3649
3649
3649
3649
3057
3057
3057
3057
3057
2290
2290
2290
2290
2290
1471
1471
1471
1471
1471
1471
739
739
739
739
739
351
351
351
351
351
260
260
260
260
260
260
228
228
228
228
228
213
213
213
213
213
205
205
205
205
205
205
214
214
214
214
214
203
203
203
203
203
197
197
197
197
197
197
205
205
205
205
205
199
199
199
199
199
195
195
195
195
195
195
205
205
205
205
205
201
201
201
201
201
201
201
201
201
201
201
200
200
200
200
200
196
196
196
196
196
199
199
199
199
199
199
206
206
206
206
206
199
199
199
199
199
191
191
191
191
191
191
199
199
199
199
199
188
188
188
188
188
195
195
195
195
195
195
203
203
203
203
203
201
201
201
201
201
209
209
209
209
209
209
226
226
226
226
226
243
243
243
243
243
279
279
279
279
279
279
369
369
369
369
369
694
694
694
694
694
1062
1062
1062
1062
1062
1062
1462
1462
1462
1462
1462
1664
1664
1664
1664
1664
1834
1834
1834
1834
1834
1834
1840
1840
1840
1840
1840
1662
1662
1662
1662
1662
1387
1387
1387
1387
1387
1387
953
953
953
953
953
584
584
584
584
584
366
366
366
366
366
366
287
287
287
287
287
264
264
264
264
264
251
251
251
251
251
251
230
230
230
230
230
250
250
250
250
250
238
238
238
238
238
238
244
244
244
244
244
248
248
248
248
248
256
256
256
256
256
256
251
251
251
251
251
247
247
247
247
247
239
239
239
239
239
239
233
233
233
233
233
218
218
218
218
218
199
199
199
199
199
199
184
184
184
184
184
184
184
184
184
184
181
181
181
181
181
181
182
182
182
182
182
180
180
180
180
180
178
178
178
178
178
178
177
177
177
177
177
173
173
173
173
173
180
180
180
180
180
180
187
187
187
187
187
190
190
190
190
190
190
190
190
190
190
190
187
187
187
187
187
187
187
187
187
187
194
194
194
194
194
194
184
184
184
184
184
186
186
186
186
186
191
191
191
191
191
191
194
194
194
194
194
190
190
190
190
190
182
182
182
182
182
182
184
184
184
184
184
192
192
192
192
192
183
183
183
183
183
183
190
190
190
190
190
190
190
190
190
190
196
196
196
196
196
196
200
200
200
200
200
217
217
217
217
217
200
200
200
200
200
200
232
232
232
232
232
234
234
234
234
234
234
234
234
234
234
234
238
238
238
238
238
243
243
243
243
243
240
240
240
240
240
240
239
239
239
239
239
235
235
235
235
235
231
231
231
231
231
231
219
219
219
219
219
212
212
212
212
212
199
199
199
199
199
199
207
207
207
207
207
200
200
200
200
200
208
208
208
208
208
208
210
210
210
210
210
210
210
210
210
210
209
209
209
209
209
209
207
207
207
207
207
208
208
208
208
208
204
204
204
204
204
204
205
205
205
205
205
212
212
212
212
212
201
201
201
201
201
201
208
208
208
208
208
192
192
192
192
192
197
197
197
197
197
197
190
190
190
190
190
181
181
181
181
181
194
194
194
194
194
194
181
181
181
181
181
182
182
182
182
182
180
180
180
180
180
180
184
184
184
184
184
180
180
180
180
180
185
185
185
185
185
185
183
183
183
183
183
186
186
186
186
186
191
191
191
191
191
191
198
198
198
198
198
197
197
197
197
197
203
203
203
203
203
203
219
219
219
219
219
214
214
214
214
214
217
217
217
217
217
217
217
217
217
217
217
214
214
214
214
214
211
211
211
211
211
211
197
197
197
197
197
197
197
197
197
197
189
189
189
189
189
189
194
194
194
194
194
193
193
193
193
193
192
192
192
192
192
192
192
192
192
192
192
191
191
191
191
191
204
204
204
204
204
204
205
205
205
205
205
200
200
200
200
200
202
202
202
202
202
202
212
212
212
212
212
208
208
208
208
208
210
210
210
210
210
210
207
207
207
207
207
202
202
202
202
202
202
202
202
202
202
202
201
201
201
201
201
193
193
193
193
193
195
195
195
195
195
195
190
190
190
190
190
199
199
199
199
199
185
185
185
185
185
185
199
199
199
199
199
191
191
191
191
191
194
194
194
194
194
194
192
192
192
192
192
195
195
195
195
195
201
201
201
201
201
201
207
207
207
207
207
212
212
212
212
212
209
209
209
209
209
209
206
206
206
206
206
210
210
210
210
210
203
203
203
203
203
203
210
210
210
210
210
202
202
202
202
202
204
204
204
204
204
204
198
198
198
198
198
208
208
208
208
208
193
193
193
193
193
193
200
200
200
200
200
192
192
192
192
192
196
196
196
196
196
196
199
199
199
199
199
195
195
195
195
195
207
207
207
207
207
207
203
203
203
203
203
207
207
207
207
207
207
207
207
207
207
207
207
207
207
207
207
197
197
197
197
197
190
190
190
190
190
190
192
192
192
192
192
200
200
200
200
200
199
199
199
199
199
199
195
195
195
195
195
204
204
204
204
204
193
193
193
193
193
193
189
189
189
189
189
191
191
191
191
191
180
180
180
180
180
180
195
195
195
195
195
191
191
191
191
191
205
205
205
205
205
205
202
202
202
202
202
199
199
199
199
199
196
196
196
196
196
196
191
191
191
191
191
204
204
204
204
204
197
197
197
197
197
197
191
191
191
191
191
193
193
193
193
193
199
199
199
199
199
199
202
202
202
202
202
202
202
202
202
202
212
212
212
212
212
212
210
210
210
210
210
205
205
205
205
205
201
201
201
201
201
201
213
213
213
213
213
202
202
202
202
202
203
203
203
203
203
203
202
202
202
202
202
208
208
208
208
208
201
201
201
201
201
201
208
208
208
208
208
203
203
203
203
203
206
206
206
206
206
206
216
216
216
216
216
206
206
206
206
206
203
203
203
203
203
203
205
205
205
205
205
203
203
203
203
203
210
210
210
210
210
210
213
213
213
213
213
208
208
208
208
208
217
217
217
217
217
217
208
208
208
208
208
208
208
208
208
208
196
196
196
196
196
196
213
213
213
213
213
202
202
202
202
202
205
205
205
205
205
205
203
203
203
203
203
209
209
209
209
209
211
211
211
211
211
211
213
213
213
213
213
215
215
215
215
215
213
213
213
213
213
213
224
224
224
224
224
225
225
225
225
225
224
224
224
224
224
224
214
214
214
214
214
219
219
219
219
219
219
219
219
219
219
219
218
218
218
218
218
207
207
207
207
207
216
216
216
216
216
216
214
214
214
214
214
208
208
208
208
208
220
220
220
220
220
220
220
220
220
220
220
228
228
228
228
228
228
228
228
228
228
228
227
227
227
227
227
221
221
221
221
221
218
218
218
218
218
218
221
221
221
221
221
219
219
219
219
219
221
221
221
221
221
221
217
217
217
217
217
208
208
208
208
208
204
204
204
204
204
204
208
208
208
208
208
221
221
221
221
221
227
227
227
227
227
227
214
214
214
214
214
217
217
217
217
217
215
215
215
215
215
215
219
219
219
219
219
216
216
216
216
216
225
225
225
225
225
225
235
235
235
235
235
224
224
224
224
224
242
242
242
242
242
242
236
236
236
236
236
224
224
224
224
224
217
217
217
217
217
217
217
217
217
217
217
219
219
219
219
219
221
221
221
221
221
221
212
212
212
212
212
206
206
206
206
206
209
209
209
209
209
209
204
204
204
204
204
210
210
210
210
210
211
211
211
211
211
211
224
224
224
224
224
231
231
231
231
231
231
231
231
231
231
231
237
237
237
237
237
250
250
250
250
250
225
225
225
225
225
225
239
239
239
239
239
225
225
225
225
225
218
218
218
218
218
218
209
209
209
209
209
213
213
213
213
213
218
218
218
218
218
218
226
226
226
226
226
228
228
228
228
228
229
229
229
229
229
229
229
229
229
229
229
233
233
233
233
233
241
241
241
241
241
241
231
231
231
231
231
222
222
222
222
222
227
227
227
227
227
227
210
210
210
210
210
215
215
215
215
215
210
210
210
210
210
210
204
204
204
204
204
212
212
212
212
212
217
217
217
217
217
217
216
216
216
216
216
208
208
208
208
208
222
222
222
222
222
222
218
218
218
218
218
225
225
225
225
225
226
226
226
226
226
226
229
229
229
229
229
220
220
220
220
220
224
224
224
224
224
224
222
222
222
222
222
212
212
212
212
212
222
222
222
222
222
222
221
221
221
221
221
218
218
218
218
218
214
214
214
214
214
214
215
215
215
215
215
228
228
228
228
228
232
232
232
232
232
232
218
218
218
218
218
226
226
226
226
226
222
222
222
222
222
222
219
219
219
219
219
217
217
217
217
217
212
212
212
212
212
212
218
218
218
218
218
222
222
222
222
222
221
221
221
221
221
221
219
219
219
219
219
226
226
226
226
226
219
219
219
219
219
219
237
237
237
237
237
219
219
219
219
219
223
223
223
223
223
223
214
214
214
214
214
203
203
203
203
203
207
207
207
207
207
207
210
210
210
210
210
209
209
209
209
209
207
207
207
207
207
207
212
212
212
212
212
219
219
219
219
219
226
226
226
226
226
226
224
224
224
224
224
236
236
236
236
236
237
237
237
237
237
237
234
234
234
234
234
232
232
232
232
232
224
224
224
224
224
224
226
226
226
226
226
209
209
209
209
209
210
210
210
210
210
210
204
204
204
204
204
206
206
206
206
206
200
200
200
200
200
200
202
202
202
202
202
201
201
201
201
201
204
204
204
204
204
204
202
202
202
202
202
204
204
204
204
204
204
204
204
204
204
204
204
204
204
204
204
213
213
213
213
213
218
218
218
218
218
218
206
206
206
206
206
212
212
212
212
212
209
209
209
209
209
209
214
214
214
214
214
219
219
219
219
219
214
214
214
214
214
214
209
209
209
209
209
213
213
213
213
213
212
212
212
212
212
212
209
209
209
209
209
202
202
202
202
202
197
197
197
197
197
197
206
206
206
206
206
205
205
205
205
205
203
203
203
203
203
203
205
205
205
205
205
207
207
207
207
207
206
206
206
206
206
206
211
211
211
211
211
213
213
213
213
213
216
216
216
216
216
216
219
219
219
219
219
209
209
209
209
209
221
221
221
221
221
221
217
217
217
217
217
205
205
205
205
205
205
205
205
205
205
205
204
204
204
204
204
194
194
194
194
194
191
191
191
191
191
191
193
193
193
193
193
197
197
197
197
197
194
194
194
194
194
194
203
203
203
203
203
202
202
202
202
202
206
206
206
206
206
206
208
208
208
208
208
201
201
201
201
201
208
208
208
208
208
208
207
207
207
207
207
204
204
204
204
204
198
198
198
198
198
198
201
201
201
201
201
195
195
195
195
195
197
197
197
197
197
197
194
194
194
194
194
199
199
199
199
199
199
199
199
199
199
199
201
201
201
201
201
204
204
204
204
204
202
202
202
202
202
202
209
209
209
209
209
209
209
209
209
209
198
198
198
198
198
198
205
205
205
205
205
201
201
201
201
201
201
201
201
201
201
201
200
200
200
200
200
200
200
200
200
200
193
193
193
193
193
193
204
204
204
204
204
198
198
198
198
198
206
206
206
206
206
206
205
205
205
205
205
213
213
213
213
213
205
205
205
205
205
205
212
212
212
212
212
218
218
218
218
218
205
205
205
205
205
205
210
210
210
210
210
208
208
208
208
208
198
198
198
198
198
198
199
199
199
199
199
204
204
204
204
204
205
205
205
205
205
205
202
202
202
202
202
209
209
209
209
209
206
206
206
206
206
206
214
214
214
214
214
213
213
213
213
213
223
223
223
223
223
223
209
209
209
209
209
218
218
218
218
218
216
216
216
216
216
216
213
213
213
213
213
204
204
204
204
204
208
208
208
208
208
208
211
211
211
211
211
207
207
207
207
207
214
214
214
214
214
214
217
217
217
217
217
206
206
206
206
206
208
208
208
208
208
208
206
206
206
206
206
217
217
217
217
217
217
217
217
217
217
217
215
215
215
215
215
208
208
208
208
208
215
215
215
215
215
215
205
205
205
205
205
211
211
211
211
211
203
203
203
203
203
203
210
210
210
210
210
208
208
208
208
208
197
197
197
197
197
197
207
207
207
207
207
209
209
209
209
209
209
209
209
209
209
209
198
198
198
198
198
207
207
207
207
207
213
213
213
213
213
213
218
218
218
218
218
232
232
232
232
232
211
211
211
211
211
211
217
217
217
217
217
220
220
220
220
220
218
218
218
218
218
218
224
224
224
224
224
227
227
227
227
227
215
215
215
215
215
215
216
216
216
216
216
208
208
208
208
208
204
204
204
204
204
204
200
200
200
200
200
207
207
207
207
207
198
198
198
198
198
198
211
211
211
211
211
212
212
212
212
212
220
220
220
220
220
220
214
214
214
214
214
222
222
222
222
222
217
217
217
217
217
217
216
216
216
216
216
216
216
216
216
216
212
212
212
212
212
212
213
213
213
213
213
208
208
208
208
208
204
204
204
204
204
204
210
210
210
210
210
202
202
202
202
202
207
207
207
207
207
207
213
213
213
213
213
208
208
208
208
208
214
214
214
214
214
214
219
219
219
219
219
216
216
216
216
216
220
220
220
220
220
220
222
222
222
222
222
220
220
220
220
220
218
218
218
218
218
218
215
215
215
215
215
210
210
210
210
210
213
213
213
213
213
213
206
206
206
206
206
209
209
209
209
209
204
204
204
204
204
204
209
209
209
209
209
207
207
207
207
207
218
218
218
218
218
218
202
202
202
202
202
214
214
214
214
214
219
219
219
219
219
219
226
226
226
226
226
231
231
231
231
231
226
226
226
226
226
226
222
222
222
222
222
219
219
219
219
219
216
216
216
216
216
216
214
214
214
214
214
212
212
212
212
212
211
211
211
211
211
211
200
200
200
200
200
200
200
200
200
200
202
202
202
202
202
202
197
197
197
197
197
205
205
205
205
205
202
202
202
202
202
202
206
206
206
206
206
207
207
207
207
207
221
221
221
221
221
221
215
215
215
215
215
217
217
217
217
217
215
215
215
215
215
215
218
218
218
218
218
226
226
226
226
226
219
219
219
219
219
219
207
207
207
207
207
206
206
206
206
206
213
213
213
213
213
213
207
207
207
207
207
211
211
211
211
211
203
203
203
203
203
203
207
207
207
207
207
203
203
203
203
203
218
218
218
218
218
218
208
208
208
208
208
209
209
209
209
209
209
209
209
209
209
209
206
206
206
206
206
206
206
206
206
206
208
208
208
208
208
208
209
209
209
209
209
207
207
207
207
207
214
214
214
214
214
214
211
211
211
211
211
211
211
211
211
211
212
212
212
212
212
212
210
210
210
210
210
210
210
210
210
210
212
212
212
212
212
212
214
214
214
214
214
205
205
205
205
205
200
200
200
200
200
200
211
211
211
211
211
215
215
215
215
215
211
211
211
211
211
211
201
201
201
201
201
210
210
210
210
210
204
204
204
204
204
204
213
213
213
213
213
209
209
209
209
209
207
207
207
207
207
207
206
206
206
206
206
202
202
202
202
202
202
202
202
202
202
202
212
212
212
212
212
221
221
221
221
221
209
209
209
209
209
209
213
213
213
213
213
215
215
215
215
215
218
218
218
218
218
218
213
213
213
213
213
213
213
213
213
213
213
213
213
213
213
213
213
213
213
213
213
198
198
198
198
198
203
203
203
203
203
203
202
202
202
202
202
205
205
205
205
205
210
210
210
210
210
210
207
207
207
207
207
207
207
207
207
207
212
212
212
212
212
212
207
207
207
207
207
212
212
212
212
212
209
209
209
209
209
209
219
219
219
219
219
200
200
200
200
200
211
211
211
211
211
211
210
210
210
210
210
213
213
213
213
213
210
210
210
210
210
210
198
198
198
198
198
201
201
201
201
201
203
203
203
203
203
203
206
206
206
206
206
208
208
208
208
208
204
204
204
204
204
204
205
205
205
205
205
207
207
207
207
207
205
205
205
205
205
205
206
206
206
206
206
215
215
215
215
215
212
212
212
212
212
212
219
219
219
219
219
212
212
212
212
212
214
214
214
214
214
214
212
212
212
212
212
215
215
215
215
215
211
211
211
211
211
211
212
212
212
212
212
212
212
212
212
212
211
211
211
211
211
211
212
212
212
212
212
208
208
208
208
208
210
210
210
210
210
210
205
205
205
205
205
200
200
200
200
200
209
209
209
209
209
209
197
197
197
197
197
209
209
209
209
209
206
206
206
206
206
206
210
210
210
210
210
210
210
210
210
210
211
211
211
211
211
211
221
221
221
221
221
203
203
203
203
203
213
213
213
213
213
213
218
218
218
218
218
214
214
214
214
214
219
219
219
219
219
219
207
207
207
207
207
219
219
219
219
219
216
216
216
216
216
216
217
217
217
217
217
214
214
214
214
214
216
216
216
216
216
216
204
204
204
204
204
217
217
217
217
217
210
210
210
210
210
210
206
206
206
206
206
212
212
212
212
212
214
214
214
214
214
214
217
217
217
217
217
215
215
215
215
215
223
223
223
223
223
223
210
210
210
210
210
211
211
211
211
211
204
204
204
204
204
204
215
215
215
215
215